"","R1","R2","R3","R4","R5","R6","R7","R8","R9","R10","R11","R12","R13","R14","R15","R16","R17","R18","R19","R20","R21","R22","R23","R24","R25","R26","R27","R28","R29","R30","R31","R32","R33","R34","R35","C1","C2","C3","C4","C5","C6","C7","C8","C9","C10","C11","C12","C13","C14","C15","C16","C17","C18","C19","C20","C21","C22","C23","C24","C25","C26","C27","C28","C29"
"theta_A",7.51979508204386,7.62801662553102,3.88133274391294,5.89861350366846,7.27767515461892,1.95962406229228,0.193884894251823,6.76611309638247,8.83560203947127,3.94393044989556,1.34858410106972,1.6849551978521,0.942656036932021,9.66890940442681,0.0371911330148578,7.13369909441099,4.20900598866865,1.1421819915995,5.51357409451157,8.50028915563598,6.91162940813228,3.04886956233531,5.25053207296878,1.24943337868899,7.65746170654893,6.82101659011096,4.91926399525255,6.27003463450819,1.07066873228177,1.42996269045398,4.30365250678733,0.609491160139441,1.77398543804884,9.49905550340191,7.65304158441722,5.3807128383778,8.38169956114143,3.91571054235101,3.87126849032938,2.13895947905257,2.21277140779421,2.78691752813756,8.2259286660701,7.57912101456895,0.707964629400522,2.76580024743453,7.81207166844979,8.57806988758966,6.99697618605569,7.16032977914438,4.93439810350537,0.258971096482128,2.82300795894116,3.96062208805233,7.99184802919626,1.26737460726872,5.49710765015334,2.26529655978084,7.93247496709228,5.31349371187389,4.13888301700354,0.225734126288444,7.80804540030658,5.69250869564712
"1",3.49797964561731,3.59854337526485,3.52569916751236,1.73597648041323,6.61222865106538,1.14276521839201,8.31716996384785,5.08735196664929,2.1518443338573,8.78719058586285,2.69827129784971,4.4653003080748,7.58916296297684,8.81163245532662,0.452972985804081,1.81801705155522,1.87869247980416,0.591355129145086,4.80227545602247,1.84538475004956,5.77619571471587,2.19707288080826,1.06111354427412,0.57817954570055,9.18448385316879,2.41571100894362,0.678134353365749,3.87521057156846,7.60653467848897,7.98843460157514,8.97309289779514,2.17529921093956,0.617317068390548,4.91627549519762,0.83422010531649,9.29172536591068,4.29304448654875,9.46716888807714,8.61821743659675,5.58450111653656,0.79493748024106,2.96534353401512,7.94545201351866,6.39776883646846,6.39361347537488,4.18485656147823,1.71056699473411,5.60971085214987,6.63939495105296,9.17609117459506,7.53555625909939,4.33069482212886,4.62182590272278,3.80816145101562,2.40164385410026,5.1879029115662,9.10680155036971,1.56315149040893,5.35360011970624,4.3995644338429,1.26245318213478,0.374007471837103,7.54091416718438,0.307622863911092
"2",4.29535533057458,4.51061789434539,3.61856501879325,2.56156636561874,6.6526470080806,1.45187318749086,7.05094369720767,5.22277881783381,3.47423568068182,7.81308059905332,2.5520918053341,4.06569134631732,6.36777750074805,8.93678899229868,1.78339248743477,2.68542516521892,2.04227517572921,0.747943597821611,5.00909636183166,2.84762156761212,6.26420356525642,3.07263016649803,2.88039941213554,0.917688028834128,7.69334883715155,4.14002002052925,2.6546007528712,4.34641465396046,6.65641534080997,6.40235038350137,8.3898661003452,2.64848236319846,2.4972947577199,7.08447332316148,4.77477094965334,8.45639012890588,4.66467434311732,8.24579417052663,7.73356139241276,4.68942777991183,1.35523682389217,3.03198085249869,6.65472854228343,6.69929702413625,5.52405351311658,3.79011334578084,2.89148058562996,5.22377589635715,5.5466763193803,8.45199207906411,7.15124634112893,3.15665062296339,3.8963245715404,3.63362617874159,4.19682626052538,5.84171135980884,5.579971110748,2.06801413421141,5.10276920665132,3.5965607428522,1.4396975517072,1.43851877085597,7.86140970656679,1.22590312449901
"3",4.85949850737729,5.12820245623362,3.69667188833451,3.30826605490888,6.75887730698661,1.87982036354276,6.04896448728275,5.470422663771,4.56631732430189,7.0268143502104,2.58782362535527,3.83948166047612,5.46444064260801,8.71224882765704,2.58260305545044,3.3641085971736,2.44882201641223,1.14717476075315,5.10737320904431,3.72508333483795,6.69183318230906,3.63857653995651,3.87028348287314,1.16975066428367,6.63606829771451,4.70798484466336,3.71797140925551,4.50800731993413,6.05437040582992,5.31508792461256,7.80772372124957,3.01421564316328,3.13050893924263,7.81704399943772,6.4779195135025,7.61702318315391,5.00918910777998,7.27928785438803,6.88720584505308,4.055959660474,1.85729875740062,3.18447159758523,6.04205455386611,6.75976260151199,4.73866791605711,3.72206837314637,3.74964916693164,5.29448472032082,5.19029035358894,7.89721517425035,6.61973047267625,2.24317974301806,3.65799675858395,3.67477281998296,5.21023087151161,6.20872532701883,3.91321568627968,2.30227645740533,5.25324868993665,3.4790094976257,1.64765008998189,2.00753592957593,7.56000007729757,1.73482352106432
"4",5.26906606526005,5.51086721269691,3.79246961777948,3.84267796616515,6.76952335865528,2.15554745539306,5.171200292704,5.7833573696001,5.20425379483251,6.2930132941773,2.67343219339535,3.69529143439372,4.80117947675134,8.37310866866214,3.10654200811293,3.85036054537272,2.90529381048769,1.6149001816797,5.08313738592983,4.51885540681078,6.92006608371274,4.04170197944246,4.32542545608687,1.49973790176997,5.88682235651376,4.77684746486043,4.16852083486481,4.65585348092804,5.70189777514554,4.50382511055513,7.22477601601354,3.31624243001494,3.23044724951403,7.88099359402406,7.04346175268583,6.80207836462101,5.32596368702021,6.50692378609486,6.21436795202623,3.78542096316252,2.30860158176569,3.38041220593045,5.85645875709365,6.74839130815373,4.24865590797267,3.83644730133152,4.39166647762794,5.57685947132743,5.17467445583514,7.47344004572245,6.13791686779298,1.86968782194171,3.70339143867964,3.80456037304119,5.91310222969837,6.31175392020457,3.19144656972991,2.52169892958848,5.52417232399678,3.68114244537045,1.84093085311593,2.32151155850887,7.04922542763108,2.12759105687275
"5",5.57393838345924,5.77426641214284,3.93053008450653,4.22886239246333,6.69188523108085,2.33742404245468,4.4385880835381,5.96569483519406,5.60725753042678,5.75225473933101,2.76393347469282,3.62743420428679,4.31002165681196,8.0672599623749,3.48288725287656,4.27875403761242,3.35084509107014,1.96701047855954,5.05186313175148,5.28814942289521,6.98198233598695,4.35437981524555,4.64125934376231,1.7567022637052,5.41832523689588,4.71756557001001,4.39275327721128,4.85716816009272,5.47783786224959,3.93194326558688,6.64966919660222,3.57655862736575,3.18799107171767,7.65854754308331,7.04002875272423,6.20198693388776,5.56050506953274,5.89005939300423,5.7477488150546,3.67371326851328,2.70884851618565,3.57621049919611,5.85103378942807,6.74786926072333,3.94935361951315,3.97592914390955,4.872603872018,5.8925552372818,5.27629977835254,7.1710668655727,5.83697753540138,1.8138207373012,3.89977869688729,3.9606336301471,6.27281295445641,6.24421193753592,2.97173341783344,2.73670478777648,5.80194122649099,3.97086478979001,2.0537502731658,2.51293220821322,6.48073758303373,2.48727568802556
"6",5.76141357184258,5.93178967228527,4.08113379191375,4.52228622774856,6.5892383118562,2.49539463714813,3.86143338583694,6.00568362892411,5.89486626452196,5.36951598893945,2.85478586160263,3.61244792949654,3.92776311680251,7.8365569389441,3.75574716196497,4.67414389034278,3.77223696399288,2.20482541677306,5.03947619583303,5.84858478549249,6.96330069405317,4.59291167271471,4.87597548573965,1.92558118955323,5.14549758755969,4.64830007678393,4.52853997457254,5.08176648793288,5.32784743773285,3.54487399478144,6.15121468857306,3.78792632850612,3.12865311218349,7.33740421071315,6.82428548892523,5.80606450280001,5.73883243715528,5.46905180287376,5.44064661358798,3.60936933672215,3.0416288146825,3.71318284472865,5.9235237024255,6.75675608105339,3.73804995131493,4.11309188163893,5.23808001124923,6.17385087060726,5.40922171049905,6.95309944899593,5.67495683860735,1.89556471413612,4.11065726710957,4.12924723492334,6.39062683600987,6.10395931279412,2.96958438454835,2.88655686819558,6.04686897972677,4.25302067863314,2.25120878088845,2.65710426809891,5.93651275699003,2.78965534264534
"7",5.86572963313213,6.02217877852305,4.20556054801635,4.73251757695624,6.49610529581759,2.64119201402238,3.44164468133763,5.98347793201026,6.11580429529195,5.09681720078224,2.93291056691223,3.61706573926648,3.6312065212522,7.67309113715586,3.95657022915422,4.97567832560581,4.13109797658822,2.38323667016696,5.04246846662396,6.14375171713866,6.91750849797691,4.77466651497515,5.02001643267382,2.05441060378089,4.986865509302,4.59047130841201,4.61981548693896,5.29317061359389,5.22266984542924,3.27985265228822,5.76117192164968,3.95545881702121,3.07705496231816,7.02940151324813,6.57353875305062,5.57828290083485,5.88701248530804,5.20157113723857,5.22520557741227,3.55651307145045,3.28413286573274,3.78238776400426,6.01718221392143,6.76314670907614,3.56531320622368,4.2449743449554,5.510951816475,6.39875444377815,5.53980169913467,6.79719134446414,5.57689643936123,1.99433384074079,4.26213911490844,4.30127113807524,6.39842430532671,5.95400743129829,3.04032082890774,2.95606700705485,6.2346524368422,4.49883233479932,2.41031117268762,2.78176730512101,5.46049706288093,3.02323722203223
"8",5.92779029327776,6.08418811528742,4.29410260051929,4.87610220727508,6.42323503670723,2.76552537181326,3.15722101537128,5.94976674350966,6.29303444138926,4.91113774421958,2.98798794554975,3.61980119237741,3.40685994074773,7.55809244705418,4.11049538920865,5.17270939774073,4.39981343996391,2.5263657384532,5.0569713274318,6.28693007304246,6.86857382130766,4.91755816621778,5.100015488911,2.1624169922789,4.88922292412495,4.54249236068904,4.68483306934277,5.46761313326215,5.14543006942307,3.08862129040841,5.4836882864934,4.09055570210993,3.03324366722555,6.77917705112022,6.36497808995159,5.45522339288224,6.0091315095378,5.03903171750269,5.06292138416887,3.50891834599082,3.45228125627038,3.80887276063512,6.10549937445278,6.762297747206,3.41484378016636,4.36617504512296,5.7065698269419,6.56968105458674,5.65657248872381,6.68858159779227,5.50736970556255,2.05179145857289,4.34928209998363,4.45706246334732,6.36415232257848,5.8227504348826,3.12990430995057,2.96711232061657,6.3649663514125,4.69707082437432,2.53599677945393,2.88756193569704,5.07493952505982,3.20179768443555
"9",5.96998362083785,6.13601585294074,4.35449391389141,4.97440522671769,6.37066940671072,2.86158272105542,2.97018115165467,5.92113604838219,6.43784457982968,4.78699763057453,3.01890836605127,3.6146004922723,3.23886108436884,7.47636189903796,4.23156286903849,5.29577723256369,4.58738316789255,2.64439745844871,5.0805658137856,6.36222280151481,6.82525071628617,5.03190776805416,5.14545355855934,2.25542500791874,4.8238475986637,4.50137947104206,4.7327683673126,5.5982387601987,5.08709400049175,2.94163740082889,5.29945968666668,4.20038428288514,2.99511712514557,6.59404336874743,6.21518499323571,5.39267577296906,6.10634789464759,4.94476921641281,4.93653343421444,3.46737635376989,3.57391357881251,3.81434624980624,6.18060488670609,6.75579956862679,3.28098630431609,4.47127155637039,5.84228419880289,6.69963509127994,5.75700469720705,6.61567790214445,5.45596023883116,2.07024978226174,4.39377083400159,4.5839096460856,6.32007366512228,5.71767056422465,3.21897231529813,2.94683391243196,6.45181961410342,4.84784506781055,2.63744561256547,2.97146361426468,4.7827856309959,3.34068692553615
"10",6.00222651982773,6.18348336944791,4.39636407562668,5.04384336764909,6.33493569335585,2.93044112350688,2.846037340229,5.90020716182652,6.55647738791556,4.70293613687561,3.03010277497191,3.60253999794578,3.11275956151898,7.41767634697357,4.32720796337608,5.37484526429126,4.71599701995589,2.74285015649569,5.11218592632348,6.40820501254832,6.79000565323683,5.12323411886219,5.17407228146173,2.33583888229561,4.77668837381051,4.4658853369885,4.76894670125158,5.69017963167053,5.04298963727777,2.82232156425453,5.18361997674659,4.28897438588339,2.96189573682319,6.46568441824562,6.11681376009263,5.3639399590189,6.18205873218452,4.89335214615253,4.83725145984329,3.43209822494361,3.66701571614796,3.81006463682199,6.24269328245529,6.74710190957406,3.16047376786031,4.55748359876122,5.93500594264597,6.8012108155484,5.84158219609633,6.56848080376631,5.41857262545882,2.0679182284887,4.415081568241,4.68086644707253,6.27939476900439,5.63715744368607,3.30067592758868,2.91346083689157,6.50999436789091,4.958698166614,2.72135197405765,3.0346136559382,4.5717234383227,3.45109370523194
"11",6.02881701008159,6.22765064358552,4.42658174174104,5.09493022321435,6.31205676106043,2.97726135595331,2.76073216755106,5.88588090101384,6.65335384664301,4.64451504980074,3.02720937796201,3.58620889935745,3.01724944712894,7.37537810350253,4.40237442580308,5.42868115795656,4.80505894602976,2.82536867488679,5.15171795675732,6.44054284431853,6.76284975998261,5.19548171598366,5.19472576397807,2.40528035712761,4.74080970026456,4.43544679277959,4.79675624628518,5.75290343924289,5.01025727898883,2.7213368571755,5.1143625166447,4.35951915087454,2.93326227882591,6.38130879019256,6.05661261446622,5.35375902474637,6.24082414708771,4.86833480155222,4.7593812389696,3.40225403330347,3.74081503015126,3.8010049616197,6.29425551801876,6.73900455831249,3.05077515475227,4.62502669185882,5.99840447239465,6.88317146371887,5.91205616460343,6.5388783350445,5.39211984455819,2.05729644472291,4.42492060104207,4.75290998315063,6.24616024387202,5.57684310326737,3.37299797619698,2.8766005769398,6.55033962312911,5.03920600209451,2.79195859734739,3.08090854625228,4.42322181623275,3.54049831711253
"12",6.05171732444784,6.26831499351756,4.44938889880624,5.13408668517102,6.29854965058171,3.0077122095477,2.69928839381229,5.87660372202885,6.73224154151773,4.60278744796703,3.01509260076582,3.56774022277148,2.94390994726761,7.34501661611387,4.46118128606088,5.46756043209977,4.86810359368278,2.894644610999,5.19950015266743,6.46558891711456,6.74285091586725,5.2522324698617,5.21155025609482,2.46513309717356,4.71246114084728,4.40948656645612,4.81847467330645,5.79533356227134,4.98665772305446,2.63318430104168,5.07532119388291,4.41517976333424,2.90877500538262,6.32875565940783,6.02241140455735,5.35367294073372,6.28693135932694,4.85946098047878,4.69854915762211,3.37674137230028,3.80023820518168,3.78938359090064,6.33779234324795,6.73306280625339,2.94986692215482,4.6761073144902,6.04236421460117,6.95090325525484,5.97059929561232,6.52095346656667,5.37391531233153,2.04428954784418,4.42943137416081,4.80613975048198,6.22060332211584,5.53224170408814,3.43586624575477,2.84068085925437,6.57978518156187,5.09790561247795,2.85198841689394,3.1146825126491,4.31947669142632,3.61388598940616
"13",6.07190833593226,6.30522709337566,4.46733211144686,5.16525759805331,6.29166022966616,3.02654443585379,2.65271554439222,5.87108738860465,6.79648261085474,4.57226546277424,2.99739836095029,3.54850701178877,2.88659525792917,7.32349375975479,4.50723677043473,5.49701651501709,4.91394097468497,2.95279495392434,5.2558693821503,6.48612228162778,6.72879380104453,5.29679135365758,5.22643056914127,2.51663308174827,4.68938575228618,4.38732506266458,4.83568681255362,5.8242182909655,4.9702577499264,2.55443963735248,5.05522386277728,4.45900901566912,2.88783696430728,6.29824643929121,6.00501309171403,5.35898715540108,6.32382954426038,4.86038706523734,4.65120200066734,3.35459126574948,3.84836682207952,3.77630953138055,6.37521586118082,6.72981162538657,2.85612070989365,4.71375339480081,6.0736027014596,7.00767295812017,6.01931756680391,6.51069783550614,5.361764245081,2.03119094936133,4.43165813367317,4.84577909147564,6.20165578819744,5.49958023788105,3.48996857478197,2.80746761572386,6.6024861205029,5.14137324805906,2.90330782057566,3.13958479821479,4.24632949906637,3.67467213711661
"14",6.08994392580924,6.33836941112361,4.48196057563428,5.19092290042097,6.28933282299817,3.03734606155527,2.61560941214133,5.86835486411145,6.848963599712,4.5495088567802,2.97668234878929,3.52929243386748,2.84088117997403,7.30857390814402,4.54359089449476,5.52014628165408,4.94821201112236,3.00154846635506,5.32078926145492,6.50353321382839,6.71947850142741,5.33202661807324,5.24020771909571,2.56088062713868,4.67011834935371,4.36827701948773,4.84952162122326,5.84418446436613,4.95940872801073,2.48284226077276,5.04668956324395,4.49372163151348,2.8698192520727,6.28254899444442,5.99807322055766,5.36706056343859,6.35411225129381,4.86717051414318,4.61445764694266,3.33505988804359,3.88744053717233,3.7624338640795,6.40786363261086,6.72915934458888,2.76820008395271,4.74100727607889,6.0965319391524,7.05559847204694,6.06004353876064,6.50548646335579,5.35398135849767,2.01871650761114,4.43305582532752,4.87575477256566,6.18799238452432,5.47591067012255,3.53624409853572,2.7774568840182,6.62086601007664,5.17432379723053,2.94729577147576,3.15833444200546,4.1935783926941,3.72529340961545
"15",6.10618319683029,6.36793172292033,4.49424150351962,5.21268244326265,6.29009216848061,3.04269884601547,2.58466896206446,5.86767108751592,6.89208950129037,4.53228806482907,2.9546648473037,3.51050633745815,2.80361333753495,7.29859988670762,4.57270541612404,5.53879192956499,4.97454142463336,3.04234933497353,5.39355256104481,6.51863588095653,6.713841727026,5.36028447882967,5.25324403413636,2.5988464220571,4.6536675580388,4.35173288001394,4.86079755724408,5.85827519205365,4.95275494961933,2.41680870865522,5.04503158240074,4.52157172927777,2.85415387604643,6.27656280804688,5.9974281816183,5.3763904067455,6.37967819192992,4.87734322663283,4.58601564848747,3.31760199059379,3.91922921259211,3.74818971371666,6.43665707013218,6.73071107259845,2.68500903764305,4.76052176318767,6.11399728986324,7.09620463288403,6.09429198473548,6.50361015919012,5.34932005338726,2.00698205360079,4.43429037693407,4.89885751012163,6.17840620522899,5.45899422347955,3.57566449905871,2.75058174169373,6.63633214811625,5.20001554618903,2.98503596618112,3.17283730070545,4.15426144499144,3.76756558636736
"16",6.12088904236075,6.39422563362411,4.50479612405759,5.23159385004252,6.29290851395553,3.04441269222666,2.55784023354541,5.86848019343896,6.92780930013277,4.51910778512168,2.93246504723797,3.49234439162267,2.77255472198658,7.292321271939,4.59649694167408,5.55412237333074,4.9952874025299,3.07642002695202,5.47258421621487,6.5319762702229,6.71099224459989,5.38340443637694,5.26568769023227,2.63138097868016,4.63934790136774,4.33719106384063,4.87011614925866,5.86846807167972,4.94921564990892,2.35517413211443,5.04733288808511,4.54434491914683,2.84037105427305,6.27679424689011,6.00042776284459,5.38612138558185,6.40190096583893,4.88935383687446,4.56406678313174,3.30182077459015,3.94517411074312,3.73388274256845,6.46224805088381,6.73397618308674,2.60570196239073,4.77443165941864,6.12781834111488,7.13069493575363,6.12328562266179,6.50394530748096,5.34687588831018,1.99591201254381,4.43564283271304,4.91702631673149,6.17190772826841,5.44714492128057,3.60914426164215,2.72655708596264,6.64971469789411,5.22066024266062,3.01741679163833,3.18438832503921,4.12376784286324,3.80289702943666
"17",6.13426983335599,6.41761130450531,4.51403508844295,5.24837123140408,6.29707632303818,3.04373615810702,2.53382732604491,5.8703612468434,6.95767445474135,4.50893403996499,2.91078282058089,3.47488664469678,2.74612133415291,7.28878529256493,4.61641982110145,5.56692382254782,5.0120107335754,3.10480228120384,5.55542011681757,6.54395411123995,6.71020807127191,5.4027875616346,5.27759678011244,2.65922631669813,4.62667848200825,4.32425694579188,4.87792409897674,5.87605197678227,4.94794836010642,2.29706792156964,5.05180495439063,4.56341161430228,2.82810072821155,6.28089645205113,6.00542115759741,5.39577473483639,6.42175804768944,4.90222894281357,4.54720207523043,3.28742420134038,3.9664529470823,3.71973024532676,6.48512084346309,6.73848072226437,2.52973062360649,4.78437079930889,6.13915696058362,7.16007134873163,6.14800228109432,6.50574177142137,5.34599831619773,1.98539370565987,4.43721013779475,4.93160166963523,6.16772207963901,5.43909223714713,3.63750864589968,2.70504028185647,6.66152106225871,5.23774929486622,3.0451855084379,3.19385498254014,4.09909180441491,3.83241635661107
"18",6.1464968336837,6.43844916306366,4.52223809230167,5.26350405317522,6.30211684018441,3.04152117502413,2.51181076788931,5.87299643920678,6.98290658323712,4.50103331798031,2.89003121538039,3.45815379267836,2.72318995967735,7.28726358660241,4.63355420100801,5.57775118132875,5.02576559793738,3.12838606878715,5.63893954940729,6.55487359845887,6.71091841485645,5.41947640479666,5.2889959610625,2.6830281087639,4.61531714115858,4.31262708272841,4.88455548860103,5.88187444117025,4.94830712451372,2.24186856512912,5.05736660761309,4.57979765924363,2.81705840252743,6.2873156945724,6.01139934117994,5.40509359311258,6.43991798371422,4.91536330259972,4.53432968132944,3.27419309709647,3.98402187366694,3.70588297939026,6.50565463750016,6.74381743694014,2.45688377275061,4.79154820783228,6.1487581137882,7.18518472329692,6.16922256748793,6.50849097984006,5.34622075210906,1.97532820346283,4.43900419161507,4.94351480523131,6.16525577832787,5.43387506339233,3.66148696481364,2.68570032569274,6.67207789280599,5.25228870766551,3.06897989598277,3.20181647949778,4.07828946626408,3.85705000991868
"19",6.15771163722966,6.45707242061801,4.52960179551963,5.27732947288781,6.30770466100805,3.03834477649638,2.49128236235202,5.87614662877098,7.00446018864615,4.49487420745564,2.87043052433686,3.44213810150357,2.70296139207659,7.28720020851978,4.64868154888574,5.58701115142524,5.03728000661267,3.14793191965774,5.7198452735385,6.5649651508497,6.71268083571545,5.43422570455118,5.2999000028531,2.70334724846398,4.60501644492328,4.30207002543416,4.89026119002016,5.88649826755988,4.94980322360958,2.18919512403297,5.06337527604819,4.59424963516032,2.80702718502263,6.29503632502909,6.01775832385177,5.41395203027263,6.45680132677797,4.92838712187014,4.52460428678749,3.26195941880883,3.99865021156805,3.69244079297541,6.52415912670865,6.74966004169694,2.38727345440796,4.79683709635524,6.15710372251726,7.20675772522375,6.18757072954402,6.51184376809674,5.347208487465,1.9656428943693,4.44100017630975,4.95341961758514,6.16405939254393,5.43076369263844,3.68171645512293,2.66824309329398,6.68160833982112,5.2649597897437,3.08934857909599,3.20866144903797,4.06011045238381,3.87757082006826
"20",6.16803010670433,6.47377403138086,4.5362691438729,5.29007796647679,6.31361472211358,3.0345963819677,2.47194389885583,5.87963181168264,7.02307528792748,4.49006491961671,2.8520742335375,3.42682022233258,2.68486436496342,7.28817288475289,4.66234442306874,5.59501040203483,5.04706841597125,3.164089362302,5.79524615380471,6.57439541615692,6.71515828275248,5.44755915407071,5.31032135289508,2.72067039057211,4.59559411740326,4.29240893395282,4.89523003405122,5.89030016927718,4.95207126212225,2.13889824714872,5.06945809623894,4.60728859346172,2.79784139798657,6.30340299402728,6.02414648715593,5.42230021193158,6.47263325876697,4.94108050453991,4.51736983793338,3.25059191023524,4.01095148376492,3.6794653361539,6.5408937648065,6.75575936368778,2.32124672644118,4.80085610160316,6.16450943022368,7.22539860175853,6.20354729768372,6.51555819677808,5.3487208790434,1.95629183591754,4.44315953110479,4.96178175775381,6.16379452356749,5.42920307529833,3.69875018377549,2.65241674069189,6.69027336901395,5.27622593936492,3.10676538999889,3.21465375493844,4.04375732120868,3.89462989845547
"21",6.17754576541251,6.48880317510229,4.5423474811526,5.30190433653422,6.31968571659992,3.03053899156337,2.45363906691027,5.88331572646278,7.03932025990744,4.48631220042773,2.83497489461598,3.41217820706012,2.66848835062275,7.28986310771033,4.67489536464109,5.60198499316279,5.05550260969291,3.17741259437379,5.86311618004176,6.58327416674476,6.71809803097827,5.4598162978398,5.32027090822377,2.73541934797368,4.58691326841865,4.28350769367791,4.89960466217263,5.89353353171481,4.95484109238711,2.09102497512263,5.07540656251435,4.61925510715238,2.78937349731774,6.31199903900992,6.03036750522153,5.43013083556379,6.48749898217418,4.95331761398729,4.51211443709711,3.23998673187014,4.02141100441402,3.666990693965,6.55607806476618,6.76193182974461,2.25924439969201,4.80403596101905,6.17118489218564,7.24161267999755,6.21755439199235,6.51946551163564,5.35058416320928,1.94725292838554,4.44544036254683,4.96893810002172,6.16420690652549,5.42877122591681,3.71306612859018,2.63800906416316,6.69819384608855,5.28640274591344,3.12164033631175,3.21997579787186,4.0287308754613,3.90877891915699
"22",6.18633370144181,6.50236776579438,4.54791979165694,5.31291087319329,6.32579649821809,3.02635107480082,2.43630251286828,5.88709432861048,7.05362734235378,4.48339349659735,2.81909578872422,3.3981918991384,2.65353632520158,7.29203257798397,4.68654135409143,5.60811924341323,5.06285680382896,3.18837371904788,5.92246832131209,6.59166286349126,6.72131333919141,5.47119553806914,5.3297570557938,2.74795938717746,4.57886924897325,4.27526055524172,4.90349377972953,5.89636898513959,4.95791511829797,2.0457521272145,5.08111102934671,4.63035084984157,2.7815243414817,6.32056418174322,6.03631907822439,5.43745859653431,6.50140139161579,4.96503023292329,4.50843556938602,3.23006121165309,4.03040985697596,3.65503207339164,6.56989762724448,6.76804603768264,2.20165924452136,4.80667124752595,6.1772713166403,7.25581379939936,6.22991528514182,6.52344738904996,5.35267203009206,1.93852401983187,4.44780188293065,4.97513636982195,6.1651053059359,5.42914820807407,3.72507617312662,2.62484228962791,6.70546278706243,5.29570437939395,3.13432844421641,3.22475660717127,4.01472961801628,3.92048667443921
"23",6.19445489288561,6.51464025241381,4.55305172388792,5.32316558328498,6.33185234133259,3.02215447221104,2.41991995940802,5.89088772028391,7.06632294972204,4.48113766311819,2.80437253421146,3.38484436089105,2.63979124318136,7.29450451579834,4.69738687561879,5.61355839793974,5.06933677465978,3.19737376329718,5.97324206660739,6.5995864244803,6.72466806590027,5.48179603256118,5.33878537373264,2.75860651844962,4.57138090577717,4.2675846630876,4.9069816573673,5.89892107550507,4.96115027360084,2.0033039659065,5.0865201032752,4.64067918197555,2.77421619868522,6.32893927672132,6.0419544981438,5.44430796081853,6.51431224205492,4.97618443559786,4.50601379184919,3.22074939376554,4.03824532630211,3.64359253493723,6.58250861730054,6.77401029825748,2.14874081138491,4.80895926678334,6.18286512566871,7.26833621556542,6.2408897985837,6.52742050152797,5.35489188612806,1.93011796188644,4.45020626923817,4.98056168438885,6.16634538360433,5.4300925679454,3.7351344397325,2.61276758506249,6.71215285435756,5.30427521424615,3.14513713767365,3.22908988867252,4.00158197825857,3.93015194001223
"24",6.20196033804686,6.52576450302502,4.55779606144298,5.33271619730662,6.33777793399775,3.01803252554816,2.40449845961972,5.89463476370853,7.07765371095567,4.47941138378174,2.79072753411199,3.37212148544702,2.62709208726386,7.29714888941043,4.70747393479107,5.6184175322588,5.07509906725094,3.20475188302869,6.01602699074868,6.60704690477324,6.72806418613394,5.49165671817117,5.34735952150597,2.7676338814784,4.56438465988204,4.26041468669599,4.9101352533016,5.90126607688471,4.96444396715546,1.96387832457896,5.09161563641711,4.65028303664747,2.76738773528015,6.3370295957716,6.04725877118609,5.45070634903566,6.52620817145097,4.98676625134981,4.50459315671049,3.21199855300512,4.04514804622985,3.6326678385407,6.59404197422105,6.77976234961065,2.10056220445175,4.81102878356165,6.1880332380818,7.27944687659304,6.25068675724328,6.53132602282029,5.35717529008414,1.92205675146241,4.45261955581452,4.98535449466655,6.1678176692372,5.43142315216658,3.74354471866322,2.60166010162967,6.71832161457552,5.31221224263566,3.15433252357168,3.23304555105632,3.98919862094363,3.93811373210219
"25",6.20889441415216,6.53586222825428,4.56219569120231,5.34160006048033,6.34351419915906,3.01404172934424,2.3900467633689,5.89828944608483,7.08780813444612,4.47810952985638,2.77807929553702,3.36001076103098,2.61531682135361,7.29987087249567,4.71681507879406,5.62278810231174,5.08026403281689,3.21079328477198,6.05176252187033,6.61403642843792,6.73143198123459,5.5007884952856,5.35548282602768,2.77527731924438,4.55783033224605,4.253698862496,4.91300923358269,5.90345406959581,4.96772334401818,1.92759850172182,5.09639756865309,4.65917631922665,2.76099032316773,6.34478081638706,6.05223406192675,5.45668077985118,6.53708903394323,4.99677335905559,4.50396681539982,3.20376625903016,4.05129618842248,3.62224963205725,6.60460766833462,6.78526146699528,2.0570348973692,4.81296099995077,6.19282321639587,7.28935760385027,6.25947428050766,6.5351225295106,5.35947139353536,1.91436553031983,4.4550121741167,4.98962286306402,6.1694387895732,5.43300495654497,3.75056695992243,2.59141473302967,6.72401560621339,5.31958134081337,3.16214480615861,3.23667706208959,3.97753827729735,3.94465963414385
"26",6.21529722256401,6.54503816672526,4.56628570809627,5.34985031622213,6.34901671202845,3.01021931705041,2.37656461378154,5.9018182075699,7.09693364119059,4.47714828092129,2.76634809000671,3.34849992484937,2.60437042757991,7.30260196590227,4.72541652531822,5.62674296182313,5.08492498846611,3.21573630984293,6.08150032155351,6.62054711554324,6.73472256132917,5.50919670266155,5.36315984938751,2.78174022850926,4.55167803330662,4.24739594802518,4.91564926767335,5.90551725016284,4.9709372586476,1.89449463272868,5.1008750015717,4.66736603973214,2.75498519358817,6.35216367300313,6.05689110473978,5.46225657624494,6.54698197662226,5.0062105917816,4.50396646160534,3.19601785732051,4.0568270257538,3.61232734162471,6.61429881206845,6.79048267627402,2.01794737302595,4.81480472834684,6.19727011493224,7.29823651410814,6.26738832301083,6.53878121768684,5.36174246117262,1.90706744410791,4.45735926943743,4.99345098660582,6.17114515852066,5.43473809601698,3.75642292470033,2.58194257132066,6.72927354327862,5.32642897817717,3.1687729766347,3.24002618305507,3.96658387213118,3.95003271548275
"27",6.22120600165851,6.55338388803628,4.570095018446,5.35749919875834,6.35425439259464,3.00658839267612,2.36403868625679,5.90519774569585,7.10514911467639,4.47646018890407,2.75545905837796,3.3375759270348,2.59417667193392,7.3052932789261,4.73329119482765,5.63034031672456,5.08915487426083,3.21977892319379,6.10625380094062,6.62657709623718,6.73790231385276,5.51689369087183,5.37039747120044,2.78719777577921,4.54589572925626,4.24147278735361,4.91809406581872,5.90747572140601,4.97405039594303,1.8645079380553,5.10506117295951,4.67486492557392,2.74934115583042,6.35916441549653,6.06124438110071,5.46745715633146,6.55593712379389,5.01508764068978,4.50445452693771,3.18872436371163,4.06184621008399,3.60288916467966,6.6231953139823,6.79541258980391,1.98300809423839,4.81658724278791,6.20140108482883,7.30621806388332,6.2745396774991,6.54228265481273,5.36396076575638,1.90018005227371,4.45964077461118,4.99690521110417,6.17288842802794,5.4365492488214,3.76130114318972,2.57316798108055,6.73412873441676,5.33279031764271,3.17438888284424,3.24312608285928,3.95632693616973,3.95443745805048
"28",6.22665585268431,6.56098042802634,4.57364762755456,5.36457938284746,6.35920794628514,3.00316158512427,2.35244266166344,5.90841308347771,7.11255359430343,4.47599060038264,2.74534360562571,3.32722433665274,2.58467253608903,7.30791051165943,4.7404636633332,5.63362688403392,5.09301121864166,3.22308466788226,6.12692224675672,6.63213296720998,6.74094885736534,5.52390349697599,5.37720535849612,2.79180056647563,4.54045729071272,4.23590233299316,4.92037661015549,5.9093415600679,4.97703902776697,1.83750779288317,5.1089708028568,4.68169636701439,2.74403273923578,6.36577904293061,6.06530959599112,5.47230428194698,6.56402004585529,5.02341788712373,4.50531831094756,3.18186078805015,4.06643511166874,3.59392252027838,6.63136686824441,6.8000463950865,1.95188246612089,4.81832192988883,6.20523839888745,7.31341133770274,6.28101959219872,6.54561451938323,5.36610636023169,1.89371345335812,4.46184123303329,5.00003835224332,6.1746321460073,5.43838507857254,3.76536131190565,2.56502620326712,6.73861078559972,5.3386944742468,3.17914076331227,3.2460034618534,3.94675848862204,3.95804498223883
"29",6.23168004103068,6.56790008328171,4.57696369772151,5.37112420837421,6.36386801688245,2.99994377444631,2.34173938900485,5.91145585006165,7.11923199154639,4.47569502087184,2.73593972347263,3.31742914169054,2.57580449268723,7.31043023665716,4.74696991515717,5.63664041647182,5.09653989545932,3.22578805426959,6.14426529933197,6.63722970958662,6.7438481150856,5.53026146263923,5.38359592283782,2.79567784823026,4.53534093229611,4.23066205069017,4.92252493375724,5.9111216782107,4.9798879668678,1.81331304427634,5.11261881338679,4.68789438424779,2.73903869308056,6.37200989162646,6.06910248504846,5.47681841480289,6.57130426809758,5.03121772865269,4.50646546612442,3.17540487197722,4.07065655966646,3.58541421898714,6.63887523311522,6.80438562912529,1.92422055041331,4.82001359017194,6.20880136259174,7.31990650417768,6.28690416769558,6.54876996561889,5.36816540623975,1.8876698710473,4.46394941356942,5.00289285905541,6.1763492277846,5.44020722865147,3.76873822186432,2.55746140196603,6.7427467054948,5.34416765283406,3.18315631894216,3.24868006721819,3.93786459113789,3.96099773736737
"30",6.23631007748722,6.57420766079113,4.58006041564818,5.37716736034269,6.3682332195592,2.99693418757237,2.33188377528893,5.91432278287167,7.12525870750138,4.47553713128857,2.72719170185193,3.30817282437101,2.56752601614551,7.3128371470875,4.75285451144296,5.63941170465617,5.09977797628951,3.22799933997366,6.15890579503549,6.64188917895317,6.74659218985785,5.53601136574785,5.38958394761486,2.79894031748785,4.53052799222374,4.22573266428625,4.92456267966642,5.91281982179706,4.98258836949746,1.79171220724878,5.11601979109749,4.69350108060949,2.73434080655311,6.37786362197289,6.07263833583692,5.48101901990761,6.5778652986588,5.03850607321574,4.50782044427456,3.16933619139672,4.07455929451878,3.57735051822166,6.64577587433403,6.80843648760661,1.89967600812463,4.82166203631666,6.21210746098406,7.32577960587558,6.2922577235189,6.5517463875364,5.37012886815968,1.88204425564578,4.46595779077139,5.00550317147252,6.17801998511869,5.44198854800527,3.77154526945994,2.550425074919,6.74656156417603,5.34923481670301,3.18654538776164,3.2511738222544,3.92962495012068,3.96341372746745
"31",6.24057571096282,6.57996139744911,4.58295269113648,5.38274235940765,6.37230824499249,2.99412802890789,2.32282563651544,5.91701446353475,7.13069987885214,4.47548726004904,2.71904954207874,3.29943659242374,2.55979590329324,7.31512201089076,4.75816701633731,5.6419661470964,5.10275588655187,3.22980868353824,6.1713456645296,6.64613804999744,6.74917779965984,5.54120186567543,5.39518605824825,2.80168258528612,4.52600200922344,4.22109720152565,4.92650956824337,5.91443794388939,4.98513612762501,1.77248005080916,5.11918781315037,4.69856333265712,2.72992301307739,6.38334999469555,6.07593185294951,5.48492476750211,6.58377651163238,5.04530386467856,4.50932164170255,3.16363555481543,4.07818139992663,3.56971715246562,6.65211910723695,6.81220851081597,1.87791805927837,4.82326447616076,6.21517300349832,7.33109598078032,6.29713533324379,6.5545444491308,5.37199146482834,1.87682545337021,4.46786196630179,5.00789750385292,6.1796305554307,5.44371026350227,3.77387757795903,2.54387476016792,6.75007885161466,5.35392042098996,3.18940227999935,3.25349969517654,3.92201327780634,3.96539029172186
"32",6.24450490458606,6.5852136850747,4.58565370587963,5.38788205214813,6.37610217067923,2.99151774721591,2.31451215489045,5.91953428382616,7.13561478286892,4.47552118004609,2.71146826839764,3.29120067575053,2.55257711948511,7.31728013665988,4.76295872280276,5.6443249669337,5.10549902171513,3.23128968996318,6.18198585701279,6.6500057816857,6.75160510336188,5.5458832726748,5.40042016027599,2.80398534616659,4.52174805136895,4.2167402968121,4.92838183089914,5.91597712322806,4.98753066912264,1.75538996627991,5.12213642623248,4.70312971939805,2.72577073763903,6.38848107166829,6.07899716151851,5.48855363924879,6.58910666345246,5.05163360330777,4.51091906751812,3.1582846256665,4.0815529348748,3.56249937727345,6.65795087826965,6.81571354963998,1.85863836122631,4.82481704338309,6.21801345593041,7.33591264497475,6.301584714639,6.55716730408928,5.37375081789976,1.87199759107489,4.46966009233776,5.01009920930219,6.18117163528715,5.44535986698935,3.77581474890119,2.53777298362623,6.75332065493561,5.35824860573463,3.19180782203152,3.255670378321,3.91499850202193,3.96700744307201
"33",6.24812382780167,6.59001167840303,4.58817533244832,5.39261818558192,6.37962704669579,2.98909401009194,2.30688982983059,5.92188762212822,7.14005675451515,4.47561914399909,2.7044072501924,3.28344463100298,2.54583598677665,7.31931021132921,4.76728011856996,5.64650614523542,5.10802894723524,3.23250239377412,6.19114569470497,6.65352289381073,6.75387680203401,5.55010506177623,5.40530491964872,2.80591728504613,4.51775224901816,4.212647703354,4.93019262851586,5.91743815463658,4.98977404397902,1.74022247974581,5.1248786716093,4.70724812454647,2.72187044192563,6.39327063774443,6.08184784686646,5.49192296419003,6.59391863897968,5.05751886855136,4.51257241527797,3.15326570429815,4.08469794216604,3.55568203739978,6.66331330554858,6.81896495085731,1.84155438576226,4.82631574118176,6.22064358926686,7.34027993429661,6.30564763520588,6.55961996045793,5.375406759473,1.86754144287735,4.47135233714428,5.01212783058691,6.18263745652091,5.44692953452871,3.77742326348037,2.53208640358415,6.75630773902893,5.36224311506487,3.19383114915502,3.25769682002215,3.90854624963886,3.96833077315603
"34",6.25145687473556,6.59439782687926,4.59052844483367,5.39698109170428,6.3828967683657,2.98684644208998,2.2999059348393,5.92408120178932,7.14407383375115,4.47576510028069,2.69782959055987,3.27614762308856,2.53954159827462,7.32121341097734,4.77117916648753,5.64852513110766,5.11036428171559,3.23349574108227,6.19907973440924,6.65671965524237,6.75599744049586,5.55391419474145,5.40985932038957,2.80753675058634,4.51400148547801,4.20880596796093,4.93195245431791,5.91882190620796,4.9918702166098,1.72677063805163,5.12742711015678,4.71096409577383,2.71820932275775,6.3977337392939,6.08449698746439,5.49504941200399,6.59826903135589,5.06298386456285,4.51424945389859,3.1485616175205,4.08763597266625,3.54924965587106,6.66824506795835,6.82197692016038,1.82641047970944,4.82775698942881,6.22307752959315,7.3442426428428,6.30936096209834,6.56190876254037,5.37696077264191,1.86343564816249,4.47294041439506,5.01399991230402,6.18402496132626,5.44841493868021,3.77875855836875,2.5267851170261,6.7590595842373,5.36592710712435,3.19553127960924,3.25958863740387,3.9026202809373,3.96941394379576
"35",6.25452670812784,6.59841035055015,4.59272314170541,5.40099947858401,6.38592621414868,2.98476417313728,2.29350954590478,5.92612260013152,7.14770926907456,4.47594604939651,2.6917016020028,3.26928867028705,2.53366538579563,7.32299271553869,4.77470029325723,5.65039537896651,5.11252134274684,3.23430963767827,6.20599163741164,6.65962517382991,6.75797285964623,5.55735413988249,5.41410230942235,2.80889321950007,4.51048320401473,4.20520222643715,4.93366951473526,5.92012951457178,4.99382451193453,1.71484304174322,5.12979383294884,4.71431986985633,2.71477512378783,6.40188629149972,6.08695716926325,5.49794896587043,6.60220823850062,5.06805300760315,4.51592467687912,3.14415567636788,4.09038323447325,3.54318653610055,6.6727817036944,6.82476403137929,1.81297745231058,4.82913790973069,6.22532876076724,7.34784083266934,6.31275745517193,6.56404097077081,5.37841554372694,1.85965772469518,4.47442718400086,5.01572962888766,6.18533314208699,5.44981435055108,3.77986680474599,2.52184209922696,6.76159441161883,5.36932294719798,3.19695849625123,3.26135443170245,3.8971837209161,3.97030079679115
"36",6.25735432376796,6.60208366995418,4.59476890190992,5.40470031228293,6.38873061049417,2.98283623658326,2.28765222245473,5.92801987849107,7.15100194536719,4.476151512662,2.68599237036061,3.26284684992744,2.52818079448256,7.32465237852016,4.77788391893937,5.65212875374328,5.11451461770713,3.23497662884151,6.2120452138654,6.66226682614447,6.75980976616113,5.56046442181585,5.4180525242748,2.81002857356294,4.50718529678997,4.20182408436516,4.93535008159792,5.92136247122334,4.99564318013405,1.70426520118534,5.13199045752813,4.71735391036623,2.71155602704975,6.40574473560379,6.08924048329508,5.50063689037943,6.6057808489168,5.07275056806161,4.51757816415174,3.14003167395591,4.09295345262914,3.53747686887517,6.67695585655858,6.82734085596211,1.80105127237283,4.83045644176805,6.22741010966593,7.35111043429677,6.31586637603418,6.56602442453631,5.37977460775664,1.85618486734372,4.47581632330592,5.01732926963561,6.18656251727417,5.45112795636662,3.78078642188783,2.51723275294715,6.7639292108376,5.372452029669,3.19815555780287,3.26300202432145,3.89220003579909,3.97102712146162
"37",6.25995912939989,6.60544879519144,4.5966746891839,5.40810877054534,6.39132508079053,2.9810518498266,2.28228841892604,5.92978130744079,7.15398676996082,4.47637309189622,2.68067339842734,3.25680146676601,2.52306303409609,7.32619751651035,4.78076636128646,5.65373583622368,5.11635710727231,3.23552327120653,6.2173730579768,6.66466994981625,6.76151539583112,5.56328053678607,5.42172809289821,2.81097820922528,4.50409604870583,4.19865955548596,4.93699881109816,5.9225226386068,4.99733305547324,1.69487975333914,5.13402811514197,4.72010080327555,2.70854059807098,6.40932574045784,6.0913585130107,5.50312770380555,6.60902616593937,5.07710037290259,4.519194621265,3.13617390426374,4.09535850653623,3.53210483758251,6.6807974923463,6.82972169047819,1.79045127004494,4.83171135479598,6.22933372989381,7.35408371575117,6.31871396545273,6.56786727522789,5.38104207090358,1.85299454867267,4.47711206254272,5.01880961256091,6.18771471882259,5.45235733426932,3.78154935725871,2.51293454726504,6.76607977647547,5.37533464641665,3.19915875837856,3.2645386295328,3.88763375870291,3.97162212268379
"38",6.26235903260864,6.60853367749106,4.59844902013945,5.41124825013714,6.39372433779797,2.97940060468041,2.2773756945749,5.93141516575881,7.15669503197358,4.47660410378471,2.67571831702347,3.25113218833832,2.51828888644406,7.3276337924737,4.78337997744095,5.65522615345666,5.11806057746157,3.23597124987819,6.22208323619378,6.66685772506483,6.76309725266618,5.56583409830591,5.42514649292746,2.81177199822533,4.50120411596851,4.19569703679294,4.93861902746507,5.92361222358597,4.99890129092598,1.68654594255095,5.13591743480983,4.72259138101743,2.70571776487594,6.41264594734333,6.09332231796243,5.50543515948532,6.61197877665485,5.08112556869906,4.5207625678838,3.13256718936963,4.0976088977413,3.52705471701827,6.68433409730806,6.83192036293299,1.78101810575352,4.83290219734229,6.23111109144777,7.35678966834346,6.32132382603625,6.56957777832713,5.3822223956161,1.85006494933192,4.47831897619952,5.02018021197743,6.1887921699202,5.45350505219821,3.78218216399103,2.50892672911959,6.76806075358051,5.37798990389999,3.19999885171787,3.26597097770612,3.88345099468456,3.97210963191696
"39",6.26457053325445,6.61136352600883,4.60010000668875,5.41414041234607,6.39594248443107,2.97787258948344,2.272874776792,5.93292959594424,7.15915474032145,4.47683927593424,2.67110265089212,3.24581915204723,2.51383655445043,7.32896717309539,4.78575344040253,5.65660835326368,5.11963574657583,3.2363382864039,6.22626444861969,6.66885118408952,6.76456290959932,5.56815311268097,5.42832445818153,2.81243511624979,4.49849852493161,4.1929253053226,4.94021297142009,5.92463372751961,5.0003551543282,1.67913865626974,5.13766852883905,4.72485297761486,2.70307681679924,6.41572175757001,6.09514241887692,5.50757223795715,6.61466911109589,5.08484844152068,4.52227365284796,3.12919690745069,4.09971408929909,3.52231096289999,6.68759086444858,6.83395010144672,1.7726116769525,4.83402921360846,6.23275297904159,7.35925433784683,6.32371723590121,6.57116413459596,5.3833202362174,1.84737524932347,4.47944182143406,5.02144961943887,6.18979783540049,5.45457435840436,3.782706904453,2.50519009324888,6.76988569095916,5.38043568371459,3.20070185486625,3.2673054009164,3.87961974448595,3.97250910104697
"40",6.26660881711785,6.61396109248052,4.60163538146638,5.41680525419261,6.3979928941978,2.97645846049718,2.26874952144315,5.93433250276872,7.16139094139948,4.47707449411853,2.66680362798442,3.24084304846752,2.50968554226325,7.33020374483787,4.78791207933077,5.65789033721886,5.12109242609216,3.23663887596906,6.2299900131629,6.67066930100639,6.76591985916106,5.57026231529186,5.43127792173611,2.81298875536217,4.49596868132359,4.19033352629037,4.94178201499599,5.92558988588218,5.00170187447105,1.67254721900478,5.13929098272277,4.72690974706327,2.70060741345212,6.41856916135906,6.0968287872721,5.5095511496527,6.61712396295552,5.08829028764595,4.52372207694955,3.12604901714329,4.1016827488315,3.51785829060792,6.69059086998299,6.83582345144344,1.7651090701414,4.83509324506009,6.23426949925184,7.36150111747829,6.3259134111257,6.57263437161787,5.38434031470427,1.84490580976125,4.480485415114,5.0226255534803,6.19073502992444,5.45556894364353,3.78314190580894,2.50170679852939,6.77156709992765,5.38268863855255,3.20128974472095,3.26854789075875,3.87611008627972,3.97283641487764
"41",6.26848784836912,6.61634692636659,4.60306251258747,5.41926119575057,6.3998881487812,2.97514947635162,2.26496680361468,5.9356314843891,7.163426015816,4.47730659211278,2.66280002249535,3.23618518477995,2.50581655845961,7.33134957656468,4.78987823783922,5.65907936286816,5.12243962910272,3.23688488566194,6.23332094968905,6.67232912791037,6.76717540441659,5.57218352316087,5.43402198673659,2.8134507345875,4.49360438338104,4.18791126574882,4.94332684523793,5.9264836057963,5.00294852752364,1.66667408249769,5.14079385085696,4.72878300082859,2.69829959751659,6.4212036052282,6.09839084114435,5.51138334692406,6.61936695896062,5.09147132801038,4.52510410760025,3.12311007604075,4.10352292016232,3.51368174266849,6.6933552405562,6.83755222989412,1.75840262250997,4.83609562886217,6.23567009543396,7.36355101178871,6.32792972930962,6.57399625808288,5.38528732828259,1.84263827112722,4.48145454198523,5.02371503027586,6.19160727182239,5.45649275932302,3.78350239044599,2.49846022079007,6.77311651622046,5.38476421511278,3.20178105972463,3.26970413627998,3.87289425045993,3.97310455355729
"42",6.27022045923179,6.618539603112,4.60438841227719,5.42152517640799,6.40164001561543,2.97393750618413,2.26149636383095,5.93683378796511,7.16527995332818,4.47753317701953,2.65907202388233,3.23182753163419,2.50221143632092,7.33241061899889,4.79167162272202,5.66018212320986,5.12368565586574,3.23708603999398,6.23630837835154,6.67384595322544,6.76833658202799,5.57393597720818,5.43657091788675,2.81383602170919,4.49139583487742,4.18564850350822,4.9448476197832,5.92731790658849,5.00410195575302,1.6614335027589,5.1421856584041,4.73049153770983,2.69614380744947,6.42363989406992,6.09983744706747,5.51307954375655,6.62141897341103,5.0944106591087,4.52641767194253,3.12036725249661,4.10524214265552,3.50976674515545,6.69590331111874,6.83914750730599,1.75239812849423,4.83703810020476,6.23696356889741,7.36542287644226,6.32978192281618,6.57525724430231,5.38616588177015,1.84055558971763,4.48235388755769,5.02472446464889,6.19241817279365,5.45734987958551,3.78380100113855,2.49543483400378,6.7745445630749,5.38667669631377,3.20219141794944,3.27077954820244,3.86994661675855,3.97332413167431
"43",6.27181843578104,6.62055592807463,4.60561974249678,5.42361275486586,6.40325945269487,2.97281501958886,2.25831062821522,5.93794628361304,7.16697060548147,4.47775248420315,2.65560112579274,3.22775275618478,2.49885306659793,7.33339263316725,4.79330962807742,5.66120480938595,5.12483816313828,3.2372503150646,6.23899539511041,6.67523346660503,6.76941011064818,5.57553665979543,5.43893814808597,2.81415717802094,4.48933365575569,4.18353564385431,4.94634409746912,5.92809586622514,5.00516871183567,1.65675026108804,5.14347440891421,4.73205195130554,2.69413088785591,6.42589212351108,6.10117692828834,5.51464974143109,6.62329848957087,5.09712623342356,4.52766201689519,3.11780833075148,4.10684753283278,3.50609915359128,6.6982527731756,6.84061961002172,1.74701320721395,4.83792270249266,6.23815810476863,7.36713363667968,6.33148424773434,6.57642442345866,5.38698043935654,1.83864202974509,4.48318799038101,5.02565974872735,6.19317135562705,5.45814439798737,3.78404823800487,2.49261611334789,6.77586101393316,5.38843925642059,3.20253396182311,3.27177927411965,3.86724365713068,3.97350383650202
"44",6.2732925992373,6.6224111185522,4.60676281962208,5.42553820920685,6.40475663130069,2.97177506448057,2.25538451594433,5.93897545198245,7.16851391598689,4.47796325694468,2.65237003025185,3.2239442435786,2.49572533930764,7.334301141489,4.79480762792413,5.66215316097948,5.12590422190241,3.23738425876077,6.24141854759339,6.67650392053616,6.77040235902431,5.57700058103674,5.44113629595511,2.81442473650877,4.48740888922755,4.18156352281041,4.94781574705934,5.92882057496961,5.00615502319982,1.65255846288867,5.14466759691634,4.73347890816041,2.69225209641989,6.42797363794375,6.10241707798949,5.51610325850837,6.62502191219175,5.09963486311568,4.5288374262341,3.11542170988476,4.10834583926251,3.50266528916054,6.70041981319972,6.84197813697793,1.74217583421164,4.83875170735764,6.23926130110304,7.36869848619414,6.33304963289581,6.5775045090196,5.38773529133987,1.8368831247819,4.48396120937156,5.02652631383325,6.19387039372616,5.45888035140971,3.78425282175952,2.48999045497963,6.77707485361347,5.3900640240258,3.20281973878819,3.2727082081018,3.86476384259897,3.9736507840724
"45",6.27465288241529,6.62411896617679,4.60782361944454,5.42731463453476,6.40614096996024,2.97081123739483,2.25269524343697,5.9399273818583,7.16992412938207,4.47816464674637,2.64936256360805,3.22038610879651,2.4928130919876,7.33514139639442,4.79617923540695,5.66303250715245,5.12689036665483,3.23749325108553,6.24360900410324,6.67766828291586,6.77131932920648,5.57834103218385,5.44317719100027,2.81464752273615,4.48561300494791,4.17972341147952,4.94926183699228,5.9294950966201,5.00706677182866,1.64880043218823,5.14577222452571,4.73478539452243,2.6904991070071,6.42989700973227,6.10356517671669,5.51744876370894,6.62660383650336,5.10195224151341,4.52994498617327,3.11319639733885,4.10974347891552,3.49945196615675,6.70241924117212,6.84323198638773,1.73782303302749,4.83952754515778,6.24028020001853,7.37013106769407,6.33448981213191,6.57850382456218,5.38843453238109,1.8352656190299,4.48467770271044,5.02732917985187,6.19451876753792,5.4595616653465,3.78442199551249,2.4875451085026,6.77819433715271,5.39156214903468,3.20305802625776,3.2735709971547,3.86248752781601,3.97377080846499
"46",6.27590840120066,6.62569198176624,4.60880778320404,5.42895403655552,6.40742117491993,2.96991764951989,2.2502221317682,5.94080777504421,7.17121397893358,4.47835613089078,2.6465636016252,3.21706320045063,2.49010206252802,7.33591836236382,4.79743652956934,5.66384780099533,5.12780263843097,3.23758171601491,6.24559348575289,6.67873637763708,6.77216665113423,5.57956980715605,5.44507190395201,2.81483292658525,4.48393789833095,4.17800701549016,4.95068150880386,5.93012243708364,5.00790948580853,1.64542570916517,5.146794821094,4.73598293246207,2.68886400900367,6.43167403542832,6.10462801295416,5.51869431049785,6.62805727919028,5.10409297777342,4.53098639208168,3.1111219978576,4.11104656101595,3.49644651161623,6.70426460939322,6.84438938888144,1.73389971745061,4.84025274582476,6.24122131984936,7.37144363627821,6.3358154421809,6.57942830296014,5.38908204855731,1.83377739628816,4.48534141555192,5.02807299527782,6.19511983403524,5.46019211588744,3.78456177541042,2.4852681190281,6.77922704580276,5.39294387082809,3.20325660834077,3.27437204620251,3.86039682351304,3.97386869690256
"47",6.27706752107268,6.62714152453417,4.60972062497631,5.43046742010771,6.40860528385625,2.96908889081466,2.24794642161004,5.94162195643428,7.17239485502922,4.47853744441837,2.64395900179311,3.21396109789838,2.48757884524388,7.33663670810321,4.79859025217636,5.66460364881917,5.1286466230483,3.23765329409236,6.24739501465173,6.67971701201597,6.77294958561791,5.58069739471865,5.44683078042434,2.81498713197878,4.48237588633549,4.17640647085187,4.95207383659808,5.93070551969697,5.00868833963264,1.64239015110338,5.1477414649998,4.73708176759871,2.68733930320948,6.43331574527331,6.10561190590617,5.51984737241378,6.62939387659498,5.10607064088146,4.531963789986,3.10918869868341,4.11226090275549,3.49363677807642,6.70596832186717,6.8454579444963,1.73035767275127,4.8409298894446,6.24209068753313,7.37264720673376,6.33703620812789,6.58028349248874,5.38968151108475,1.83240740240875,4.48595607437213,5.02876207032427,6.19567680623869,5.46077530464465,3.78467715873885,2.4831482764814,6.78017993987676,5.39421858559977,3.20342201096948,3.27511552268178,3.8584754641751,3.97394838091089
"48",6.27813791879076,6.62847791737717,4.61056714048185,5.43186487210828,6.40970071059577,2.96831999385578,2.24585109838499,5.94237488768036,7.17347695548742,4.47870852415117,2.64153554143873,3.21106610283846,2.48523084926582,7.33730080624988,4.79964997772312,5.66530433564788,5.129427485587,3.2377109831958,6.24903351833874,6.68061809100527,6.77367303335501,5.58173314442243,5.44846347650236,2.8151153107748,4.48091970017916,4.17491433667152,4.9534378746606,5.93124716653525,5.0094081608819,1.63965513290765,5.14861780679108,4.73809103134406,2.68591789473376,6.4348324227668,6.10652272966451,5.52091487839308,6.63062405489083,5.10789780988672,4.53287964739205,3.10738725180684,4.11339203997823,3.4910111503521,6.70754173468064,6.84644466158186,1.72715466309874,4.84156156570224,6.24289387062992,7.37375168589499,6.33816091789366,6.58107456790475,5.39023637504763,1.83114556540672,4.48652518626354,5.02940040486141,6.19619274041995,5.46131464362105,3.78477229668136,2.48117507039487,6.7810594082991,5.39539491150509,3.20355970127627,3.27580536140633,3.85670867610016,3.97401309187053
"49",6.27912663942835,6.62971054978188,4.61135201722331,5.4331556387013,6.41071428936356,2.96760639852324,2.24392072915084,5.94307118324389,7.17446941929644,4.47886946277535,2.63928086059959,3.20836522639308,2.48304625864178,7.33791473855431,4.80062425991056,5.66595384781958,5.13015000181034,3.23775725348031,6.25052632115195,6.68144671878863,6.77434154813629,5.58268540954024,5.44997899522115,2.81522178619066,4.47956247548825,4.17352358523768,4.9547726950452,5.93175008489203,5.01007344141147,1.63718684081086,5.14942909302068,4.73901888074191,2.68459308338743,6.43623363158122,6.10736593807784,5.52190324752103,6.63175717639668,5.10958612789859,4.53373664872951,3.10570895398516,4.11444523499831,3.48855854716284,6.70899524787793,6.8473559962152,1.72425365220149,4.8421503412073,6.24363600852936,7.37476599122495,6.33919758702887,6.5818063449752,5.39074988183602,1.82998271614303,4.48705204185938,5.02999171247946,6.19667052914582,5.46181334762542,3.78485063773005,2.479338648891,6.78187131482691,5.39648075074366,3.20367425634419,3.2764452700592,3.85508304934605,3.97406548770785
"50",6.28004014897893,6.63084796973139,4.6120796457667,5.43434819661976,6.41165231760976,2.96694391824074,2.24214131190084,5.94371512791607,7.17538044530937,4.47902047131629,2.63718340889944,3.20584617254445,2.48101399377228,7.3384823049331,4.80152075773634,5.66655589335064,5.13081858701529,3.2377941413445,6.25188854610147,6.68220928869586,6.77495935281611,5.58356167009328,5.45138572316761,2.81531017036957,4.4782977403872,4.17222758998242,4.95607741671961,5.93221685812714,5.01068835158685,1.63495565160748,5.15018019024454,4.73987261887629,2.6833585520638,6.43752824757744,6.10814658977328,5.52281842279424,6.63280166563416,5.11114635791688,4.53453761139735,3.10414562515725,4.1154254830115,3.48626841837745,6.71033838938173,6.84819789112655,1.72162212462286,4.84269873369828,6.24432184252914,7.37569815678662,6.34015351488046,6.58248329726838,5.39122506428323,1.82891051155518,4.48753972087136,5.03053944161878,6.19711289872571,5.46227443233227,3.78491504673419,2.47762978091294,6.78262104099024,5.39748334805644,3.20376950579777,3.27703873545888,3.85358641583334,3.97410775618381
"51",6.28088438278273,6.63189796584025,4.61275413193739,5.43545031891764,6.41252059683462,2.96632870820022,2.24050013738121,5.9443106951164,7.17621739738302,4.47916184860742,2.63523239586858,3.20349731867724,2.47912367396701,7.33900703515018,4.80234634407592,5.66711392052969,5.13143732266224,3.23782332633853,6.25313344545455,6.68291156252967,6.7755303569594,5.58436863878478,5.45269146664189,2.81538348004884,4.47711940199863,4.17102011179938,4.95735122763893,5.93264994013228,5.01125675645066,1.63293558925184,5.15087560876936,4.74065879857317,2.68220835356706,6.43872449410363,6.10886937290261,5.52366590360125,6.6337651181991,5.11258843902003,4.53528541897561,3.10268958579168,4.11633751805067,3.48413073857128,6.71157989152863,6.84897581344634,1.71923149598649,4.84320919215729,6.24495574457039,7.37655542775036,6.34103535305269,6.58310957429562,5.39166475371925,1.82792136170625,4.48799109945818,5.03104679444683,6.19752240994212,5.4627007164854,3.78496790373091,2.47603982102811,6.78331352585259,5.39840934537797,3.20384865210794,3.27758903061055,3.85220773496514,3.97414169919414
"52",6.2816647900346,6.63286764081108,4.6133793096892,5.43646913532418,6.41332447108894,2.96575723579485,2.2389856631329,5.94486156545446,7.17698689737606,4.47929395657841,2.63341774429711,3.20130769387754,2.47736558102394,7.33949220217328,4.80310719930063,5.66763113507394,5.13200998103857,3.23784619418293,6.25427267418828,6.68355874042498,6.77605817534745,5.58511235233293,5.45390348697093,2.81544423371573,4.47602173177703,4.16989528415027,4.95859340092102,5.93305165273894,5.01178223297094,1.63110385067978,5.1515195258381,4.74138331181659,2.68113689630174,6.43982997913531,6.10953862929156,5.52445077672633,6.63465439504694,5.11392154180824,4.53598296868005,3.10133363361929,4.11718581906728,3.48213599752287,6.71272776078896,6.84969479081799,1.71705660123053,4.84368408193637,6.24554174449493,7.37734434454253,6.34184916697229,6.58368902031252,5.39207158833342,1.82700836140513,4.48840885882522,5.03151674396881,6.19790146119111,5.46309482706854,3.78501118599844,2.47456067633025,6.7839533027289,5.39926483256709,3.20391437195634,3.27809922246899,3.85093698746798,3.97416880164829
"53",6.28238637463619,6.63376347718275,4.61395875441262,5.43741118752752,6.41406886300152,2.96522625334123,2.23758739920688,5.94537114517482,7.1776949073274,4.47941720037593,2.63173004631437,3.1992669555498,2.47573062380657,7.33994083648361,4.80380889214553,5.66811051608356,5.13254004814861,3.23786388846421,6.25531651738275,6.68415552232295,6.77654614673744,5.58579825036573,5.45502853468576,2.81549453313856,4.47499935004494,4.16884759733771,4.95980330612947,5.93342418547571,5.01226808773671,1.62944039305087,5.15211580802749,4.74205146698609,2.6801389291829,6.44085173313407,6.11015837775935,5.5251777457581,6.63547570438213,5.11515412229994,4.53663313058037,3.10007102012225,4.1179746164626,3.48027518820931,6.71378934122577,6.85035944559599,1.71507525108976,4.84412567408051,6.24608355575128,7.37807081768182,6.34260049127425,6.58422519326342,5.39244802237846,1.82616522677715,4.48879549459821,5.0319520497183,6.19825229335375,5.46345920652851,3.7850465361875,2.47318477511138,6.78454453301991,5.40005539426587,3.20396890153638,3.27857218029232,3.84976507769316,3.97419028781211
"54",6.28305373265217,6.63459139623,4.6144957964675,5.43828247972372,6.41475830730213,2.96473277307346,2.23629580484614,5.94584258420923,7.17834680203005,4.47953201248837,2.63016052196125,3.19736536483466,2.47421030384044,7.34035574079919,4.80445644972448,5.66855483096089,5.13303074498095,3.23787735308754,6.25627408026944,6.68470616206508,6.77699735243707,5.58643124373038,5.45607288236497,2.81553613172912,4.47404721004618,4.16787188226759,4.96098041652247,5.93376959716508,5.01271737463522,1.62792757513161,5.15266803270113,4.74266805572489,2.67920952607437,6.44179624677089,6.1107323364479,5.52585115884267,6.63623467299241,5.11629397372024,4.53723871648631,3.09889542708226,4.11870789921462,3.47853979279656,6.71477137222388,6.85097402697625,1.71326784801101,4.84453613812427,6.24658459952278,7.37874019427981,6.34329437964689,6.58472138349098,5.39279633585697,1.82538623689887,4.48915332662395,5.03235527227273,6.19857699587173,5.46379612134621,3.7850753188999,2.47190503708042,6.78509103733388,5.4007861530195,3.20401410825744,3.27901058444548,3.84868374429668,3.97420716744764
"55",6.28367108662309,6.63535681077618,4.6149935347517,5.4390885247768,6.41539698188462,2.96427404432778,2.23510219534284,5.94627879364056,7.17894743310611,4.47963884017875,2.628700980075,3.1955937612405,2.47279668197423,7.34073950481506,4.80505441830598,5.66896664941314,5.13348504727682,3.23788736717486,6.25715344783405,6.68521451501901,6.77741463438451,5.58701577379211,5.45704235601606,2.81557049182061,4.4731605817787,4.16696329397126,4.96212431299902,5.93408981892822,5.0131329121769,1.62654984615615,5.1531795084178,4.74323741097905,2.67834407001124,6.44266950787953,6.11126394405801,5.52647503476593,6.63693640857309,5.11734827580949,4.53780245673707,3.09780094342886,4.11938942262915,3.47692176706167,6.71568004099002,6.85154244099916,1.71161705369617,4.84491753772928,6.24704802728609,7.37935731710668,6.34393544970756,6.58518063194066,5.39311864441692,1.82466618042891,4.48948450893685,5.03272878676707,6.1988775136198,5.46410767141866,3.78509866767937,2.47071484497906,6.78559632407136,5.40146180884212,3.20405155095967,3.27941693550779,3.84768547900134,3.97422027363964
"56",6.28424231697655,6.636064672593,4.61545485014546,5.43983438633264,6.41598873650304,2.9638475327965,2.23399865824649,5.94668246244483,7.17950118557954,4.47973813564237,2.62734378134163,3.19394353683979,2.47148234616049,7.34109451967523,4.80560691621486,5.66934835662373,5.13390570390482,3.23789457378086,6.25796181946792,6.68568408004922,6.77780061252277,5.58755586405391,5.45794236491928,2.8155988326263,4.47233503582273,4.16611729510994,4.96323468536448,5.93438665823779,5.01351730023594,1.62529347614998,5.15365329423772,4.74376345751134,2.67753823741728,6.44347703718428,6.11175637993435,5.5270530873815,6.63758555433946,5.1183236414265,4.53832698341329,3.09678204257701,4.12002271666911,3.47541352362907,6.71652103029134,6.85206827843165,1.7101075013925,4.8452718286166,6.24747674183371,7.3799265770441,6.34452792342088,6.58560574767328,5.39341690924995,1.82400030704498,4.48979103969652,5.03307479552846,6.19915565426155,5.46439579984797,3.78511752404477,2.46960801749609,6.78606361564846,5.40208667544355,3.20408253043507,3.27979356354643,3.84676345300896,3.97423029384022
"57",6.28477099076644,6.63671951498396,4.6158824186996,5.44052471721805,6.41653711922187,2.96345090170818,2.23297797810114,5.94705607342537,7.18001202783872,4.47983034840031,2.62608180339656,3.19240661032604,2.47026038041047,7.34142299197697,4.80611768001114,5.66970216565483,5.13429525393478,3.23789950354374,6.25870562306718,6.68611803655032,6.77815770133287,5.58805516522004,5.45877792989902,2.815622170371,4.47156642733781,4.16532963964085,4.96431133144304,5.93466180372226,5.01387293605195,1.6241463223457,5.15409221790337,4.74424975599023,2.67678798248671,6.44422392248799,6.11221258297621,5.52758874842487,6.6381863370186,5.11922616033376,4.53881481873397,3.09583356039831,4.12061109477278,3.47400791435292,6.7172995618655,6.8525548405799,1.70872554689966,4.8456008583274,6.24787341681198,7.38045195966999,6.34507566351895,6.58599932456362,5.3936929468391,1.8233842834215,4.49007477095293,5.03339533991975,6.1994130958489,5.46466230283774,3.78513266991746,2.46857878341502,6.78649587253077,5.40266471334594,3.20410813178133,3.28014263743069,3.84591145055249,3.97423779537387
"58",6.28526038795673,6.6373254910791,4.61627872446233,5.44116379444042,6.41704540075638,2.96308199478109,2.23203356891595,5.94740191828909,7.18048355578306,4.47991591951996,2.62490840787065,3.19097540117851,2.46912433497102,7.34172695717409,4.80659010491595,5.67003012912873,5.13465604249471,3.23790259418094,6.25939061212165,6.68651927717112,6.77848812544608,5.58851699464889,5.45955371001778,2.81564135185453,4.47085088036596,4.16459635678709,4.96535415448435,5.93491683048024,5.01420202939734,1.62309762693409,5.15449889289617,4.74469954158117,2.67608952186444,6.44491485111849,6.11263526937618,5.52808518877052,6.63874260914002,5.12006144013582,4.53926836760797,3.09495067393331,4.12115766304987,3.47269821213194,6.71802043590037,6.85300516311514,1.70745905303063,4.84590636741787,6.24824051483845,7.38093708664476,6.34558220633563,6.58636375711134,5.39394843844412,1.82281415343882,4.49033741813544,5.03369231145669,6.199651394484,5.46490883947928,3.78514475456449,2.4676217569509,6.78689581524331,5.40319956012256,3.20412925988311,3.28046617407852,3.84512380903963,3.9742432464123
"59",6.28571352545241,6.63788640830807,4.61664607186394,5.44175555108328,6.41751659684552,2.96273882079559,2.23115941361474,5.94772211184246,7.18091903185695,4.47999527732113,2.6238174092904,3.18964280413868,2.46806819776122,7.34200829229563,4.8070272803016,5.67033415022572,5.13499023548852,3.23790420657282,6.26002194865945,6.68689043677709,6.7787939342978,5.58894437099186,5.46027402771087,2.81565708250857,4.47018477254715,4.16391373542129,4.9663631592419,5.93515320571084,5.01450661685874,1.62213784196472,5.15487573438912,4.74511575782126,2.67543931972838,6.44555414051777,6.11302694920866,5.52854533819973,6.63925788640143,5.12083464440453,4.53968991348525,3.09412888092132,4.12166532973751,3.47147809240142,6.71868806694834,6.85342203801375,1.70629720295037,4.84618999175745,6.24858030427004,7.38138525249812,6.34605079142425,6.58670125532781,5.39418493924466,1.82228630229519,4.49058056919308,5.03396746224758,6.19987199190762,5.46513694127328,3.78515431698786,2.46673191424473,6.78726594451501,5.40369455798685,3.20414666911632,3.2807660475442,3.84439536523106,3.97424703323991
"60",6.28613317906621,6.63840575946474,4.61698659759969,5.4423036053732,6.41795348879956,2.9624195396356,2.23035000976022,5.94801860530516,7.18132141959221,4.48006883428353,2.6228030457486,3.18840216416513,2.46708636709429,7.34226872793384,4.80743202093468,5.67061599303059,5.13529983324687,3.23790463804127,6.2606042743789,6.68723391812666,6.77907701581571,5.58934004468975,5.46094289239686,2.81566994984003,4.46956472032657,4.16327830894602,4.96733844704118,5.93537229450576,5.01478857521367,1.62125847773218,5.15522497412849,4.74550108643619,2.67483407335154,6.44614576692454,6.11338994190293,5.52897190375379,6.63973538076705,5.12155052806913,4.54008161680214,3.09336398019906,4.12213681480039,3.47034161451042,6.71930651660772,6.85380803372397,1.70523033842447,4.8464532656562,6.24889487469794,7.38179945735002,6.3464843882904,6.58701385868919,5.39440388708751,1.82179742418916,4.4908056933367,5.03422241479453,6.20007622291458,5.46534802128163,3.78516180453189,2.46590457099006,6.78760855970685,5.40415277895095,3.20416098820172,3.28104399787346,3.8437214069067,3.97424947447866
"61",6.28652190359641,6.63888675072913,4.61730228196994,5.44281128717147,6.41835864236114,2.96212244965665,2.2296003209034,5.94829319875475,7.18169341420548,4.48013698491945,2.62185995126657,3.18724725199995,2.46617362569801,7.34250985948296,4.80780689455414,5.67087729225583,5.13558668318006,3.23790413332002,6.2611417718724,6.68755191467361,6.77933910915657,5.58970652489414,5.46156402261089,2.81568044301179,4.46898756471161,4.16268684073105,4.96828021010507,5.93557536568243,5.01504963390683,1.62045197145383,5.15554867428698,4.74585797365596,2.67427069920043,6.44669339215013,6.11372639064558,5.52936738675083,6.64017802985655,5.12221347017976,4.54044551544023,3.09265205299856,4.12257465956821,3.46928320315853,6.71987952327399,6.85416551367618,1.70424981954573,4.84669762559469,6.24918615124705,7.38218243603912,6.34688572053618,6.58730344916643,5.39460661080334,1.82134449324773,4.49101414935265,5.03445867118883,6.20026532252443,5.46554338284087,3.78516758834924,2.46513536116918,6.78792577566434,5.40457704776126,3.20417274098872,3.28130163966833,3.84309762949689,3.97425083281738
"62",6.28688205117734,6.63933232697072,4.61759495965197,5.44328166212416,6.41873442501223,2.96184597624835,2.22890573296442,5.94854755272629,7.18203746973082,4.4802001044158,2.62098312977271,3.1861722404517,2.46532511603497,7.34273315763039,4.80815424627697,5.67111956236832,5.13585249149746,3.23790289362358,6.26163821750681,6.68784643085277,6.77958181652117,5.59004610329374,5.46214086671662,2.81568896919151,4.46845035761782,4.16213631014887,4.96918872535961,5.93576359756508,5.01529138664714,1.619711573464,5.15584874033625,4.74618865350026,2.67374631960821,6.44720038848358,6.1140382757625,5.52973409854574,6.64058852310027,5.12282750417357,4.54078352672387,3.09198944515826,4.12298123631488,3.46829763003741,6.72041052923554,6.85449665325474,1.70334790297504,4.84692441437195,6.24945590775764,7.38253668407769,6.34725728768173,6.58757176335656,5.39479433807383,1.82092473739044,4.49120719347106,5.03467762172959,6.20044043285809,5.4657242277973,3.78517197625731,2.46442021687573,6.78821953812519,5.40496996280497,3.20418236382771,3.28154047031816,3.84252009718641,3.974251324691
"63",6.28721578805201,6.63974519462024,4.6178663298906,5.44371755368369,6.41908302185234,2.96158866146934,2.2282620151064,5.94878319899892,7.18235582310813,4.48025854788418,2.62016793062434,3.18517168147475,2.46453631691292,7.34293997811622,4.80847622024945,5.67134420614461,5.13609883405561,3.23790108414869,6.26209702724987,6.68811930015822,6.77980661408706,5.5903608752535,5.46267662225848,2.81569586719754,4.46795034882861,4.16162389923452,4.9700643479061,5.93593808364332,5.015515302158,1.61903124851978,5.15612693299087,4.74649516843331,2.67325825004666,6.44766986178765,6.11432742713455,5.53007417511257,6.64096932506694,5.12339634578392,4.54109745056947,3.09137275024814,4.12335875769775,3.46737999579594,6.72090270536273,6.85480345534653,1.7025176361421,4.84713488552179,6.24970577892557,7.38286448080309,6.34760138490175,6.58782040374953,5.39496820284192,1.82053561483878,4.49138598678296,5.03488055299233,6.2006026096881,5.46589166424436,3.78517522342635,2.46375534919918,6.78849163780402,5.40533391516779,3.2041902200846,3.28176187786651,3.84198520803527,3.97425112827361
"64",6.2875251099037,6.6401278423644,4.61811796610554,5.44412156319645,6.41940645016481,2.96134915464411,2.22766528461633,5.94900155060622,7.1826505155961,4.48031265008606,2.61941002560146,3.18424048410383,2.46380302136595,7.34313157078671,4.80877477889993,5.67155252268026,5.13632716639323,3.23789884028233,6.2625212965111,6.68837220128214,6.78001486210456,5.59065275861333,5.46317425401935,2.81570141888558,4.46748497358095,4.16114697998322,4.97090750431327,5.93609983805663,5.01572273412062,1.61840559013956,5.15638487927658,4.74677938772839,2.67280398700919,6.44810467286465,6.11459553570262,5.53038959052666,6.64132269631249,5.12392341873954,4.54138897347354,3.09079879359899,4.12370928598833,3.46652571242516,6.72135897361541,6.85508776457774,1.70175276520562,4.84733020787794,6.24993727147492,7.3831679100516,6.34792012088951,6.5880508491712,5.39512925226651,1.82017479300183,4.49155160220846,5.03506865537325,6.2007528286435,5.46604671375811,3.78517754126584,2.46313723014446,6.78874372326698,5.40567110600896,3.20419661226302,3.28196714849382,3.841489662697,3.97425039008354
"65",6.28781185587253,6.6404825598897,4.61835132492115,5.4444960882336,6.41970657278025,2.96112620382182,2.2271119753573,5.94920391111059,7.18292341183194,4.48036272552409,2.61870538730272,3.18337389328445,2.46312131577896,7.34330908797394,4.80905172009675,5.67174571487814,5.13653883300898,3.23789627274173,6.26291383488517,6.68860667254671,6.78020781420556,5.59092351044259,5.46363651085063,2.81570585864761,4.46705184078027,4.16070310228937,4.97171868585555,5.9362498008676,5.01591493035467,1.61782974617959,5.15662408277688,4.74704302383231,2.67238119650766,6.44850745718215,6.1148441641178,5.53068216942175,6.64165071204943,5.12441187840134,4.54165967308737,3.09026461721825,4.1240347420393,3.46573048613913,6.72178202757262,6.85535128034434,1.70104765488034,4.84751147019302,6.25015177443393,7.38344887864195,6.34821543403846,6.58826446444672,5.39527845322978,1.81984012949173,4.4917050310241,5.03524303013431,6.2008919910606,5.46619031813812,3.78517910481333,2.4625625755569,6.78897731270012,5.40598356240562,3.20420179212504,3.28215747360503,3.84103043635341,3.97424923044466
"66",6.28807772137221,6.64081145487574,4.61856775463122,5.44484333932586,6.41998511033763,2.96091864800746,2.2265988094019,5.94939148318336,7.18317621681993,4.48040906881105,2.61805026887519,3.18256746962437,2.46248756022119,7.34347359223786,4.80930869247155,5.67192489644072,5.13673507593447,3.23789347183182,6.26327719653964,6.68882412483111,6.78038662597538,5.59117474200411,5.46406594134231,2.81570938133419,4.4666487218393,4.16028998252235,4.97249844180008,5.9363888430992,5.01609304128275,1.61729935410172,5.15684593311048,4.74728764697853,2.67198770317843,6.44888064305478,6.11507475659204,5.53095359849371,6.64195527889555,5.12486463348299,4.54191102317701,3.08976746556834,4.12433691394484,3.46499030081039,6.72217435116834,6.85559556873595,1.70039721850331,4.84767968573747,6.25035056858165,7.38370913292092,6.34848910711136,6.58846250933057,5.39541669841005,1.81952965504461,4.49184718896228,5.03540469597374,6.20102092947862,5.46632334566815,3.78518005887858,2.46202832902085,6.78919380466752,5.406273151806,3.20420596913812,3.28233395651895,3.84060475352036,3.97424774800451
"67",6.28832426981224,6.6411164684164,4.6187685031158,5.44516535524803,6.42024365253587,2.96072541008527,2.22612277149929,5.94956537653315,7.18341049109505,4.48045195524417,2.61744118501089,3.18181707007875,2.46189836994913,7.34362606350864,4.80954720913139,5.67209109839137,5.13691704265251,3.2378905109729,6.263613706868,6.68902585316898,6.78055236283853,5.59140793214572,5.46446490840012,2.81571214886044,4.46627354013053,4.15990549272883,4.97324737282458,5.93651777152063,5.01625812772577,1.6168104846006,5.15705171469141,4.7475146982624,2.67162147998701,6.44922646838109,6.11528864800275,5.53120543711944,6.64223814992562,5.12528436599655,4.54214439880924,3.08930477217934,4.12461746536196,3.46430140200388,6.72253823579957,6.85582207344588,1.69979685694055,4.84783579682145,6.25053483512877,7.38395027359305,6.34874278054881,6.58864614674995,5.39554481193673,1.81924155814468,4.49197892189843,5.03555459514676,6.20114041278502,5.46644659691678,3.78518052315303,2.46153164669749,6.789394487947,5.40654159521827,3.20420931752326,3.28249761876169,3.84021006541444,3.97424602347397
"68",6.28855294332186,6.64139938902762,4.61895472523102,5.44546401698579,6.420483668461,2.9605454903632,2.22568108606681,5.94972661522442,7.18362766427714,4.48049164152703,2.61687489414469,3.18111882957046,2.4613505980351,7.34376740566836,4.80976865995226,5.67224527514963,5.13708579340734,3.23788744962454,6.26392548593094,6.68921304716956,6.78070600730758,5.59162443930695,5.46483560279534,2.81571429571335,4.4659243610367,4.15954765044594,4.97396612463148,5.93663733317379,5.01641116807576,1.61635959244426,5.15724261482109,4.74772550136267,2.67128063851659,6.44954699603399,6.11548707230293,5.53143912715562,6.64250093822045,5.12567354955873,4.54236108163812,3.08887414706411,4.12487794347048,3.46366028164028,6.72287579595678,6.85603212575368,1.69924240513231,4.84798067919689,6.2507056636925,7.38417376902969,6.34897796455295,6.58881645040763,5.3956635546458,1.81897417116915,4.49210101114413,5.03569359916054,6.20125115101961,5.46656081010097,3.78518059645891,2.46106988306592,6.78958055052397,5.4067904792504,3.20421198213427,3.28264940597151,3.83984402960207,3.97424412272385
"69",6.28876507256365,6.64166186538295,4.6191274896951,5.44574106050422,6.42070651606726,2.96037796067495,2.22527119643133,5.94987614442749,7.18382904720409,4.48052836659238,2.61634838178974,3.18046914353866,2.46084131907485,7.34389845261053,4.80997432262047,5.67238831018488,5.1372423079512,3.23788433570954,6.26421446912659,6.68938680039576,6.78084846564284,5.59182551230349,5.46518005575142,2.81571593354233,4.46559938258069,4.15921460910669,4.97465538180844,5.93674821963811,5.01655306489144,1.61594347354278,5.15741973116001,4.74792127306803,2.67096341982192,6.44984412800167,6.11567117028636,5.53165600197808,6.64274512908236,5.12603446618641,4.5425622651954,3.08847336490236,4.12511978655729,3.46306366330872,6.72318898351231,6.85622695365988,1.69873008524401,4.84811514630856,6.25086405962132,7.3843809672289,6.34919605006788,6.58897441178915,5.39577362895634,1.81872595789111,4.49221417836534,5.03582251406753,6.20135379984957,5.46666666603762,3.78518036028309,2.46064057753007,6.78975308781741,5.40702126710598,3.20421408336117,3.28279019342591,3.83950449168274,3.97424209935008
"70",6.2889618857167,6.64190541790285,4.6192877854953,5.44599808842698,6.42091345088365,2.96022195898361,2.22489074607724,5.95001483663972,7.18401584280856,4.48056235248909,2.61585884494852,3.17986465140124,2.4603678139254,7.34401997381486,4.81016537256624,5.67252102127278,5.1373874917687,3.23788120762398,6.26448242546326,6.68954811881594,6.78098057396817,5.59201230003016,5.46550015062892,2.81571715498492,4.46529692661376,4.15890464901617,4.97531586197356,5.93685107103611,5.01668465095984,1.61555922739802,5.15758407862363,4.74810313274687,2.67066818582827,6.4501196183723,6.11584199675429,5.53185729481907,6.64297209106486,5.12636922170233,4.54274906011048,3.0881003539585,4.12534433121764,3.46250848823996,6.72347960078924,6.85640769024629,1.69825646553581,4.84823995337195,6.25101095072166,7.38457310657704,6.34939831876527,6.5891209466176,5.39587568338894,1.81849550219462,4.49231909014615,5.03594208538066,6.20144896472961,5.46676479270901,3.7851798817161,2.4602414418531,6.78991311020513,5.40723530863118,3.20421572121855,3.28292079120438,3.83918946878485,3.97423999679932
"71",6.28914451670251,6.64213144931011,4.61943652784166,5.44623658072403,6.42110563401134,2.96007668443695,2.22453756168506,5.95014349741609,7.1841891558826,4.48059380530412,2.61540367753932,3.17930222091126,2.45992755542361,7.34413267947339,4.81034289191499,5.67264416537796,5.13752218181785,3.23787809590408,6.26473097375175,6.68969792843158,6.78110310388583,5.59218586020482,5.46579763376797,2.81571803685476,4.46501543053912,4.15861616887523,4.97594831023252,5.93694647978502,5.01680669486516,1.61520422420641,5.15773659574518,4.74827211087983,2.67039341125281,6.45037508525153,6.11600052712792,5.53204414645565,6.64318308594559,5.12667975986404,4.54292249920463,3.08775318569758,4.12555281917194,3.46199190194284,6.72374931252133,6.8565753813292,1.69781842418781,4.84835580126375,6.25114719343483,7.38475132554481,6.34958595213255,6.58925690079696,5.39597031674727,1.81828149787253,4.49241636221826,5.03605300263325,6.20153720476289,5.4668557694679,3.78517921589646,2.45987034838048,6.79006154991011,5.40743384949884,3.2042169787539,3.28304194900219,3.83889713467763,3.97423785013077
"72",6.2893140127199,6.64234125425176,4.6195745636933,5.44645790449723,6.42128413947205,2.95994139283021,2.22420963777004,5.95026287064531,7.18435000185655,4.48062291609685,2.61498045678029,3.17877893338277,2.45951819503522,7.3442372252024,4.81050787756578,5.67275844318612,5.13764715182416,3.23787502460875,6.26496159698751,6.68983708217049,6.7812167676304,5.59234716725994,5.46607412454458,2.81571864279762,4.46475343954713,4.15834767782763,4.97655349396637,5.93703499410259,5.01691990610369,1.6148760759891,5.15787815054499,4.74842915675975,2.6701376760254,6.45061202169698,6.11614766354807,5.53221761229906,6.64337927775613,5.12696787532148,4.54308354241888,3.08743006506354,4.12574640370122,3.46151124150103,6.72399965680406,6.85673099246715,1.69741311742537,4.84846334021607,6.25127357850904,7.3849166714345,6.34976003975063,6.58938305588284,5.39605808198394,1.81808273939163,4.49250656337668,5.03615590360603,6.20161903627891,5.46694013090783,3.78517840804356,2.45952531901275,6.79019926730391,5.40761803960815,3.20421792488849,3.28315436061181,3.8386258063244,3.97423568747687
"73",6.28947134114956,6.6425360280772,4.61970267688335,5.44666332294412,6.42144996096191,2.95981539243741,2.22390512275152,5.95037364340577,7.18449931470264,4.48064986182856,2.61458693047521,3.17829206975818,2.4591375503847,7.34433421637216,4.81066124849259,5.67286450330759,5.13776311716171,3.2378720124662,6.26517565515374,6.68996636612426,6.78132222279923,5.59249711947545,5.46633112469444,2.81571902550408,4.46450959933763,4.15809778800539,4.97713219796116,5.93711712127659,5.01702493978108,1.61457261121171,5.15800954594376,4.74857514545045,2.66989965818485,6.45083180574897,6.11628424050077,5.53237866893132,6.64356174096823,5.12723522550081,4.54323308154719,3.08712932138453,4.1259261557083,3.4610640235214,6.72423205512729,6.85687541537972,1.69703795138044,4.84856317331099,6.25139083620781,7.38507010828144,6.3499215868392,6.58950013411725,5.39613948977152,1.81789811352288,4.49259021910164,5.03625137824276,6.20169493614518,5.46701837042298,3.78517749514836,2.4592045148893,6.79032705667842,5.40778894077042,3.20421861678485,3.28325866808935,3.83837393172223,3.97423353125445
"74",6.28961739588326,6.64271687485298,4.61982159286764,5.44685400357319,6.42160401806092,2.95969804017624,2.2236223063035,5.95047645043357,7.18463795406088,4.48067480627396,2.61422100514738,3.1778390974866,2.45878359361658,7.34442421208512,4.8108038523523,5.67296294617386,5.13787073935275,3.23786907382496,6.26537439664309,6.69008650519965,6.78142007669431,5.59263654543442,5.4665700269547,2.81571922855252,4.46428264930476,4.15786520754776,4.97768521988438,5.93719333070884,5.01712240092572,1.61429185243112,5.15813152475447,4.74871088408426,2.6696781272266,6.45103570963107,6.116411030005,5.53252822013196,6.64373146792458,5.12748334150448,4.54337194475596,3.08684939987036,4.12609306941444,3.46064793272133,6.72444782157128,6.85700947382871,1.69669055720334,4.84865585977481,6.25149964109304,7.38521252400027,6.35007152113953,6.58960880306132,5.39621501179854,1.81772659174586,4.4926678149061,5.03633997227498,6.20176534482914,5.4670909434812,3.78517650737944,2.4589062267451,6.79044565153258,5.4079475337453,3.20421910181947,3.2833554656236,3.83814007889112,3.97423139916907
"75",6.28975300312787,6.64288481468615,4.61993198312192,5.44703102573657,6.42174716194366,2.95958873807577,2.22335960785393,5.95057187823277,7.18476671167228,4.48069790090509,2.61388073497037,3.1774176581809,2.45845444054052,7.34450772883063,4.81093647147307,5.67305432764732,5.13797063021533,3.23786621944248,6.2655589684684,6.6901981682448,6.78151089030752,5.59276620987377,5.46679212307166,2.81571928794413,4.46407141615993,4.15764873406835,4.97821336610823,5.93726405674522,5.01721284844972,1.61403199657153,5.15824477428552,4.7488371175687,2.66947193787804,6.45122490818923,6.11652874639626,5.53266710243474,6.64388937559164,5.12771363811066,4.54350090087865,3.08658885366836,4.12624806770357,3.46026081113888,6.72464817124021,6.85713392900867,1.69636876900696,4.84874191807508,6.25160061641789,7.38534473685628,6.35021069919754,6.58970967985782,5.39628508381,1.817567223347,4.49273979942763,5.03642219057581,6.20183066922673,5.4671582706322,3.7851754692522,2.45862886590287,6.79055572941644,5.40809472468534,3.20421941922638,3.28344530312537,3.83792292589094,3.97422930504796
"76",6.28987892672978,6.6430407904208,4.62003446921129,5.44719538754036,6.42188018063291,2.95948693001954,2.22311556611521,5.95066046885591,7.18488631719467,4.48071928574093,2.61356431144667,3.17702555602,2.45814834051337,7.34458524384252,4.8110598282881,5.67313916236393,5.13806335568621,3.23786345713894,6.26573042540883,6.69030197270473,6.78159518197912,5.59288681899319,5.46699861121926,2.81571923338117,4.46387480796888,4.1574472485464,4.9787174478753,5.93732970130348,5.01729679878642,1.61379139748746,5.15834993058497,4.74895453376432,2.66928002427805,6.45140048663298,6.11663805073733,5.53279609025123,6.64403631170338,5.12792742294836,4.54362066348009,3.08634633644494,4.12639200712786,3.45990064794703,6.72483422800026,6.85724948448964,1.69607060428272,4.84882182882482,6.25169433816184,7.38546750133241,6.35033991210342,6.58980333515315,5.39635010841064,1.81741912914006,4.49280658728258,5.03649850026139,6.20189128527345,5.46722074027192,3.7851744006011,2.45837095586452,6.79065791637143,5.40823135104162,3.20421960146618,3.28352868955451,3.83772125175864,3.97422725953078
"77",6.28999587306121,6.64318567376596,4.62012962655438,5.4473480121868,6.42200380383433,2.95939209873937,2.222888829542,5.95074272338112,7.18499744346721,4.48073909015793,2.61327005378764,3.17666074686238,2.45786366701338,7.34465719818385,4.81117459027193,5.67321792682703,5.13814943934433,3.2378607923392,6.26588973821825,6.69039848885381,6.78167343075672,5.5929990252783,5.46719060287035,2.81571908933134,4.46369180857935,4.15725970961785,4.97919827779943,5.93739063631069,5.01737472923125,1.61356855051867,5.15844758235408,4.74906376818826,2.66910139453779,6.45156344763728,6.1167395548852,5.53291590059516,6.64417306035694,5.12812590491819,4.5437318946896,3.08612059546132,4.12652568258936,3.45956556985135,6.72500703158311,6.85735679075088,1.69579424647736,4.84889603750044,6.25178133873761,7.38558151345464,6.3504598907386,6.5898902967059,5.39641045764848,1.81728149574578,4.49286856169957,5.03656933355798,6.20194754035313,5.46727871118248,3.78517331738802,2.45813112446665,6.79075279100178,5.40835818697813,3.20421967536648,3.28360609600152,3.83753392827047,3.97422527064236
"78",6.29010449550626,6.64332027090673,4.62021798790396,5.44748975379785,6.422118707387,2.95930376303817,2.22267814762379,5.95081910511006,7.18510071128183,4.48075743365874,2.61299639995043,3.17632132803643,2.45759890886337,7.34472399958131,4.81128137443009,5.67329106227003,5.13822936565836,3.23785822852184,6.26603780100548,6.69048824364788,6.78174607947979,5.59310343188753,5.46736912916044,2.81571887591396,4.46352147241671,4.15708514824319,4.9796566666912,5.93744720596232,5.01744708101062,1.61336207878282,5.15853827455577,4.74916540829202,2.66893512566065,6.45171471785888,6.11683382524102,5.53302719743922,6.64430034711433,5.12831020192294,4.54383520880569,3.08591046511333,4.12664983171313,3.4592538320489,6.72516754410991,6.85745644934126,1.69553802946193,4.84896495698063,6.25186211039733,7.38568741563124,6.35057131057533,6.58997105270739,5.39646647539506,1.81715357037431,4.49292607694843,5.03663509045126,6.20199975551899,5.4673325148658,3.78517223237421,2.45790809656616,6.79084088820932,5.40847594833818,3.20421966307159,3.2836779585402,3.83735991244478,3.9742233442676
"79",6.29020539858105,6.64344532764595,4.62030004656426,5.4476214027649,6.42222551736155,2.95922147522198,2.2224823629303,5.9508900425091,7.18519669371322,4.48077442659762,2.61274189828986,3.17600552877362,2.45735266206168,7.34478602502985,4.81138075138698,5.67335897730427,5.13830358297992,3.23785576759096,6.26617543788166,6.69057172423378,6.78181353761289,5.59320059664647,5.46753514678065,2.81571860963765,4.46336291962558,4.15692266272971,4.98009342069599,5.93749972881411,5.01751426210146,1.61317072098678,5.1586225117421,4.74925999735608,2.66878035879991,6.45185515391697,6.11692138620806,5.5331305957331,6.6444188436584,5.12848134796664,4.54393117567754,3.08571486090632,4.12676513892787,3.45896380972534,6.72531665608587,6.85754901669838,1.69530042366054,4.84902896991443,6.251937108363,7.38578580105497,6.35067479607021,6.59004605483755,5.3965184795378,1.81703465606055,4.49297946057976,5.0366961411339,6.20204822754081,5.46738245768776,3.7851711556789,2.4577006872235,6.79092270262068,5.40858529720187,3.20421958283336,3.28374468086691,3.83719823971032,3.97422148454501
"80",6.2902991417192,6.64356153411846,4.6203762593642,5.4477436906653,6.42232481383505,2.95914481872381,2.22230040383653,5.95095593191461,7.18528592005289,4.48079017086196,2.61250519978551,3.17571170125089,2.45712362218166,7.34484362318674,4.81147324911182,5.67342205036765,5.13837250630263,3.23785341018393,6.26630340895778,6.6906493811498,6.78187618384859,5.59329103568883,5.46768954343424,2.81571830401441,4.46321533153648,4.15677141408648,4.98050933873075,5.93754849971823,5.01757664982221,1.61299332056692,5.15870076112284,4.74934803803971,2.66863629483369,6.45198554788331,6.11700272338058,5.53322666510965,6.64452917204626,5.12864029967587,4.54402032387045,3.08553277383801,4.12687223926981,3.45869399006637,6.72545519191077,6.85763500765597,1.69508002363794,4.84908843092693,6.25200675370406,7.38587721771192,6.35077092468828,6.59011572107751,5.39656676399892,1.81692410730828,4.49302901548943,5.03675282826612,6.20209323079115,5.46742882284847,3.78517009524339,2.45750779535258,6.79099869173357,5.40868684607051,3.20421944966969,3.28380663674145,3.83704801767388,3.97421969419285
"81",6.29038624275124,6.64366952911627,4.62044704940447,5.4478572947829,6.42241713436909,2.95907340590324,2.22213127786274,5.95101714002149,7.18536887938747,4.4808047605105,2.61228505080648,3.17543831220913,2.45691057730235,7.34489711657236,4.81155935631818,5.67348063198851,5.13843651980546,3.23785115592587,6.26642241576461,6.69072163124715,6.7819343684995,5.59337522677841,5.46783314288892,2.81571797007062,4.46307794643738,4.15663062169178,4.98090521020447,5.93759379161414,5.01763459321443,1.61282881599495,5.15877345539546,4.74942999561955,2.66850219023751,6.4521066323237,6.11707828648482,5.53331593330389,6.64463190859827,5.12878794229216,4.54410314362384,3.085363265163,4.12697172192571,3.4584429647598,6.72558391494682,6.85771489866621,1.69487553697136,4.84914366867149,6.25207143598332,7.38596217203595,6.35086023059124,6.5901804382987,5.3966116005945,1.81682132610337,4.49307502182125,5.0368054690632,6.20213501898296,5.46747187219283,3.78516905721674,2.45732839780756,6.79106927880612,5.40878116171002,3.20421927591271,3.28386417224367,3.83690842042799,3.97421797477923
"82",6.2904671811039,6.643769904059,4.62051280859542,5.447962842266,6.42250297721552,2.95900687600767,2.221974065571,5.95107400617264,7.18544602385721,4.480818282369,2.61208028637834,3.17518393511594,2.45671240143532,7.34494680359391,4.81163952556877,5.67353504687842,5.13849597919744,3.23784900363989,6.26653310615833,6.69078886035911,6.7819884156971,5.59345361234316,5.46796670965455,2.81571761677233,4.4629500556311,4.15649955925323,4.98128181300687,5.93763585718449,5.01768841523239,1.61267623210743,5.15884099535547,4.7495063009472,2.66837735323579,6.45221908492868,6.11714849209169,5.53339888930734,6.64472758745725,5.1289250951805,4.54418008961101,3.08520546151458,4.12706413353039,3.45820942296403,6.72570353218128,6.8577891307613,1.69468577425549,4.84919498773715,6.25213151569032,7.38604113224317,6.35094320801966,6.59024056464678,5.39665324074609,1.81672575826104,4.49311773872038,5.03685435722284,6.2021738267699,5.46751184787476,3.78516804627597,2.45716154387854,6.79113485551137,5.40886876868279,3.20421907166515,3.28391760785913,3.83677868334624,3.97421632694559
"83",6.29054240074291,6.64386320664084,4.62057390000139,5.44806091395357,6.42258280427184,2.95894489328217,2.22182791496691,5.95112684446562,7.1855177716264,4.48083081658492,2.6118898239189,3.17494724284133,2.45652804841403,7.34499296040664,4.81171417611352,5.67358559586649,5.13855121387947,3.23784695152056,6.26663607876731,6.69085142574188,6.78203862541354,5.59352660224873,5.46809095331419,2.81571725137909,4.46283099976034,4.15637755104203,4.98163991174906,5.9376749303856,5.0177384147567,1.61253467233629,5.15890375230442,4.7495773531528,2.66826114021472,6.45232353276848,6.11721372611919,5.53347598627886,6.6448167038484,5.12905251689457,4.54425158351086,3.08505855036038,4.1271499812339,3.45799214471939,6.72581469851802,6.8578581122766,1.69450964010885,4.8492426704201,6.25218732647998,7.38611453137747,6.35102031439653,6.5902964317369,5.39669191705666,1.81663689007596,4.49315740594897,5.03689976470464,6.20220987122019,5.46754897388714,3.78516706589205,2.4570063501695,6.79119578437697,5.40895015259458,3.20421884518015,3.28396724040644,3.8366580983195,3.97421475059165
"84",6.2906123128809,6.64394994418218,4.62063066000612,5.44815204789742,6.4226570438068,2.95888714521628,2.22169203635978,5.95117594569136,7.18558450959387,4.48084243714272,2.61171265741141,3.17472700081663,2.45635654621482,7.3450358426262,4.81178369648643,5.67363255768714,5.13860252893782,3.23784499727687,6.26673188702871,6.69090965830838,6.78208527532127,5.59359457633629,5.46820653253407,2.81571687973823,4.46272016538314,4.15626396838387,4.98198025623985,5.93771122786174,5.0177848684467,1.6124033117337,5.15896207027151,4.74964352211856,2.66815295237945,6.45242055620382,6.11727434614119,5.53354764423113,6.64489971706779,5.12917090983628,4.54431801640142,3.08492177576999,4.12722973555274,3.45778999477893,6.72591802072921,6.85792222135528,1.69434612506711,4.84928697836761,6.2522391772324,7.38618277009449,6.35109197317653,6.59034834667574,5.39672784476145,1.81655424524689,4.49319424537486,5.03694194337276,6.20224335317373,5.46758345746854,3.78516611855054,2.45686199583319,6.79125240102822,5.40902576308082,3.20421860317733,3.28401334481789,3.83654600939133,3.9742132450281
"85",6.29067729847003,6.64403058671141,4.62068340031291,5.44823674260587,6.42272609297463,2.9588333409171,2.22156569764005,5.95122157911884,7.18564659586886,4.48085321234176,2.61154785198576,3.17452206064775,2.45619699167965,7.34507568690424,4.81184844688354,5.67367619063229,5.13865020698262,3.23784313824975,6.26682104285779,6.69096386467438,6.7821286225039,5.59365788674652,5.46831405877646,2.81571650652969,4.4626169817825,4.15615822638962,4.98230358018173,5.93774495025161,5.01782803244484,1.61228139069879,5.15901626806363,4.7497051507438,2.66805223263995,6.45251069248185,6.11733068351789,5.53361425251034,6.64497705322399,5.12928092454339,4.5443797509858,3.08479443447399,4.12730383301922,3.4576019168358,6.72601406109527,6.85798180825311,1.69419429826332,4.8493281541027,6.2522873539489,7.38624621920881,6.35115857646334,6.59039659392447,5.39676122306403,1.81647738205117,4.49322846234326,5.03698112651239,6.20227445849196,5.46761549039707,3.78516520593462,2.4567277181393,6.79130501625114,5.40909601655425,3.2042183511058,3.28405617578446,3.83644180875529,3.97421180910275
"86",6.29073771049732,6.64410556980008,4.6207324097921,5.44831546003199,6.42279032013503,2.95878320959897,2.22144821993654,5.9512639941382,7.18570436203464,4.4808632052387,2.61139453887986,3.17433135415521,2.45604854561315,7.34511271237884,4.8119087613424,5.67371673407815,5.13869450984368,3.23784137150866,6.26690401998759,6.69101432903406,6.78216890503084,5.59371686004966,5.4684140997376,2.81571613546955,4.46252091799491,4.15605978091036,4.98261060007017,5.93777628339514,5.01786814394558,1.61216820932553,5.15906664115729,4.74976255702076,2.66795846271043,6.4525944390435,6.11738304536195,5.53367617208573,6.64504910775522,5.12938316363656,4.54443712366028,3.08467587219477,4.12737267864203,3.45742692812529,6.72610334075904,6.85803719745999,1.6940533008079,4.8493664224375,6.25233212149764,7.3863052220263,6.35122048741514,6.59044143701543,5.39679223636646,1.81640589074625,4.49326024694071,5.03701753022972,6.20230335920866,5.46764525018062,3.78516432907687,2.45660280835345,6.79135391789077,5.40916129873401,3.20421809336294,3.28409596927541,3.83634493308087,3.9742104413044
"87",6.29079387609909,6.64417529717236,4.62077795618768,5.4483886283275,6.42285006699452,2.95873649918092,2.22133897362,5.95130342177391,7.18575811521999,4.48087247405669,2.61125191075538,3.17415388781482,2.45591042822804,7.34514712200985,4.81196494974112,5.67375440989628,5.13873568013492,3.2378396939305,6.26698125701262,6.69106131488058,6.78220634340691,5.59377179919927,5.46850718253117,2.8157157694792,4.46243148004314,4.15596812570162,4.98290201428084,5.93780539944812,5.01790542263971,1.61206312230152,5.15911346344498,4.74981603593865,2.6678711604083,6.45267225656673,6.11743171635337,5.53373373766359,6.64511624774209,5.12947818545396,4.54449044643476,3.08456548023115,4.12743664819083,3.45726411437978,6.7261863428177,6.8580886896536,1.69392233979196,4.84940199178281,6.25237372522118,7.38636009648162,6.35127804245649,6.59048312013439,5.39682105540228,1.81633939117842,4.49328977515982,5.03705135474423,6.20233021458999,5.46767290115216,3.7851634884849,2.4564866079061,6.79139937259832,5.40922196697451,3.20421783347642,3.28413294394188,3.83625486013824,3.97420913984837
"88",6.29084609850923,6.64424014310798,4.62082028769367,5.44845664438166,6.4229056505834,2.95869297498377,2.22123737462291,5.9513400760786,7.18580813999652,4.48088107256323,2.6111192173435,3.17398873757383,2.45578191491462,7.34517910380881,4.81201729963348,5.67378942375758,5.13877394269795,3.23783810226413,6.26705316016581,6.69110506658551,6.78224114190727,5.59382298532582,5.4685937966364,2.81571541082602,4.46234820835994,4.1558827897833,4.98317850232933,5.93783245791147,5.01794007204463,1.61196553429648,5.1591569888474,4.74986586123127,2.6677898771393,6.45274457176752,6.11747696041504,5.53378725963981,6.64517881403409,5.12956650739947,4.54454000871493,3.08446269227948,4.12749609031669,3.45711262511626,6.72626351517388,6.85813656349899,1.69380068284685,4.84943505536109,6.25241239241753,7.38641113709837,6.35133155331317,6.5905218695794,5.39684783828004,1.81627753058036,4.49331720997271,5.0370827855819,6.20235517211065,5.46769859547784,3.78516268424542,2.45637850483138,6.79144162744,5.40927835241065,3.20421757425548,3.28416730241355,3.836171105695,3.97420790274673
"89",6.29089465885532,6.64430045465586,4.62085963441064,5.44851987616269,6.42295736508143,2.95865241851951,2.22114288104829,5.95137415541733,7.18585470011786,4.48088905041892,2.61099576139791,3.17383504401897,2.4556623323116,7.34520883197194,4.81206607793461,5.67382196633745,5.13880950593415,3.23783659318279,6.26712010585529,6.69114581084984,6.78227348980715,5.59387067938422,5.46867439662839,2.81571506124009,4.46227067538962,4.15580333498182,4.98344072428888,5.93785760658186,5.01797228072981,1.61187489578649,5.15919745280216,4.74991228698252,2.66771419555644,6.45281177997898,6.11751902225982,5.53383702590346,6.64523712320592,5.12964860902809,4.54458607895537,3.08436698147534,4.12755132851975,3.45697166923655,6.72633527316558,6.85818107730708,1.6936876532014,4.84946579232968,6.25244833370473,7.38645861678812,6.35138130888502,6.59055789510602,5.39687273144461,1.81621998154141,4.49334270232033,5.03711199467682,6.20237836835319,5.46772247408513,3.78516191611018,2.45627793045752,6.79148091137882,5.40933076193469,3.20421731791679,3.28419923249626,3.83609322066093,3.9742067278658
"90",6.29093981781464,6.64435655367429,4.62089620969122,5.44857866487777,6.42300548350433,2.95861462636613,2.22105499004283,5.95140584365118,7.18589804011515,4.480896453499,2.61088089493383,3.1736920078738,2.45555105465722,7.34523646792424,4.81211153247069,5.67385221442965,5.13884256303441,3.23783516332649,6.267182442984,6.69118375803775,6.78230356251499,5.59391512366854,5.46874940470693,2.81571472201129,4.46219848335581,4.15572935364245,4.98368932035202,5.9378809824295,5.01800222344611,1.61179069926722,5.15923507363864,4.74995554910211,2.66764372738096,6.45287424752691,6.1175581288194,5.53388330350321,6.64529146935882,5.12972493489015,4.54462890619239,3.08427785764075,4.1276026629747,3.45684051092111,6.72640200199298,6.85822247056331,1.69358262518486,4.84949436882058,6.25248174427873,7.38650278850259,6.35142757697045,6.59059139116816,5.39689587056295,1.81616644013563,4.49336639202457,5.03713914138839,6.20239992983655,5.46774466751768,3.78516118356703,2.45618435633146,6.79151743664006,5.40937948001859,3.20421706618897,3.28422890827846,3.83602078845899,3.97420561297314
"91",6.29098181714177,6.64440873871202,4.6209302113835,5.44863332696639,6.42305025926195,2.95857940912165,2.22097323491231,5.95143531122837,7.18593838676194,4.48090332418972,2.61077401573318,3.17355888580406,2.45544750040079,7.34526216128196,4.81215389340442,5.67388033197582,5.13887329311428,3.23783380933613,6.26724049507311,6.69121910340346,6.78233152261697,5.59395654320531,5.46881921303893,2.81571439406971,4.46213126218388,4.1556604665003,4.98392491052275,5.93790271240885,5.01803006216667,1.61171247581475,5.15927005384797,4.74999586668315,2.66757811137447,6.45293231391861,6.11759449056411,5.53392634018723,6.64534212577977,5.12979589715399,4.54466872146489,3.08419486472297,4.12765037222396,3.45671846579872,6.7264640589583,6.8582609653374,1.69348502012994,4.84952093890293,6.25251280507316,7.38654388675196,6.35147060585507,6.59062253806297,5.3969173813404,1.81611662419452,4.49338840862911,5.0371643734407,6.20241997377946,5.46776529672272,3.78516048589844,2.45609729136134,6.79155139996971,5.40942477039439,3.2042168203995,3.2842564911534,3.8359534226032,3.97420455577576
"92",6.29102088107811,6.64445728674327,4.62096182298014,5.44868415594033,6.42309192759837,2.95854659043165,2.220897182459,5.95146271619035,7.18597595041999,4.48090970166123,2.61067456409731,3.17343498651111,2.45535112905615,7.34528605073997,4.81219337454733,5.67390647101728,5.13890186226224,3.23783252788078,6.26729456220766,6.69125202822041,6.78235752084,5.59399514703616,5.46888418592842,2.81571407805249,4.46206866756772,4.15559632069912,4.98414809442659,5.93792291420733,5.01805594704682,1.61163979195763,5.15930258125627,4.75003344325173,2.6675170114518,6.45298629386039,6.11762830272228,5.53396636582645,6.64538934647112,5.12986187802532,4.54470573913104,3.08411757841153,4.12769471474804,3.45660489737448,6.72652177553392,6.8582967675837,1.69339430263579,4.84954564547363,6.25254168382889,7.38658212900109,6.35151062577567,6.59065150298731,5.39693738027312,1.81607027171223,4.49340887217482,5.03718782779011,6.20243860880408,5.46778447377671,3.78515982222967,2.45601627916181,6.79158298379491,5.4094668776044,3.20421658154688,3.2842821307635,3.83589076446557,3.97420355395111
"93",6.29105721765274,6.64450245476871,4.62099121468031,5.44873142408275,6.42313070692319,2.95851600608492,2.22082643052281,5.95148820509985,7.18601092627666,4.48091562211896,2.61058201983002,3.17331966709432,2.45526143828013,7.34530826489025,4.81223017456841,5.67393077257484,5.13892842450776,3.23783131567916,6.267344922821,6.69128270082124,6.78238169693995,5.59403112939928,5.46894466182695,2.81571377435917,4.46201037917096,4.15553658794781,4.98435945122659,5.9379416969368,5.01808001730926,1.61157224682826,5.15933283010891,4.75006846791791,2.66746011492522,6.45303647911775,6.11765974640703,5.53400359373028,6.64543336756128,5.12992323197949,4.54474015808827,3.08404560392156,4.12773593042174,3.45649921370011,6.7265754592724,6.85833006834111,1.69330997715505,4.84956862108165,6.25256853608072,7.38661771695415,6.35154785027001,6.59067844101303,5.39695597534172,1.81602713937234,4.49342789391494,5.03720963142664,6.20245593558461,5.46780230255413,3.78515919156838,2.45594089558781,6.79161235729422,5.40950602843149,3.20421635036045,3.28430596587301,3.83583248121637,3.97420260517199
"94",6.29109101988351,6.64454448129326,4.62101854437142,5.44877538401748,6.42316680004238,2.95848750317241,2.2207606057096,5.95151191389706,7.18604349548323,4.48092111903489,2.61049589943471,3.17321232966474,2.45517796115972,7.34532892297694,4.81226447810807,5.67395336746228,5.13895312271566,3.23783016951659,6.26739183533287,6.69131127755592,6.78240418052108,5.5940646708183,5.46900095519641,2.81571348319752,4.46195609895338,4.15548096280534,4.98455953963403,5.93795916177236,5.01810240206084,1.61150946956529,5.15936096207246,4.75010111643645,2.66740713087079,6.45308314023104,6.11768898965764,5.53403822186324,6.64547440860652,5.12998028782206,4.54477216290341,3.08397857393167,4.12777424186438,3.45640086427094,6.72662539557098,6.85836104484054,1.69323158487344,4.84958998869058,6.2525935060679,7.38665083773733,6.3515824774216,6.59070349598738,5.39697326665105,1.81598700118643,4.49344557697477,5.03722990211434,6.20247204744537,5.46781887934421,3.78515859283702,2.45587074644387,6.79163967738506,5.40954243321942,3.20421612735018,3.28432812517447,3.83577826392304,3.97420170712653
"95",6.29112246688626,6.64458358769056,4.62104395853676,5.44881627015891,6.42320039529675,2.9584609393049,2.22069936129147,5.95153396868981,7.18607382620293,4.4809262233605,2.61041575351059,3.17311241819324,2.45510026369325,7.3453481355932,4.81229645680552,5.67397437703865,5.1389760894123,3.23782908625786,6.26743553965427,6.69133790367529,6.78242509179227,5.59409593910645,5.46905335823527,2.81571320462149,4.46190554961397,4.15542916108519,4.98474889800335,5.93797540254238,5.01812322104623,1.61145111694206,5.15938712716098,4.75013155218502,2.66735778860862,6.45312652809843,6.11771618840218,5.53407043396989,6.64551267379303,5.13003335059114,4.54480192485957,3.08391614666584,4.12780985569171,3.45630933713498,6.7266718493021,6.85838986152751,1.69315870085376,4.84960986238436,6.25261672757454,7.38668166498823,6.35161469100831,6.59072680136463,5.39698934702024,1.81594964723526,4.49346201696044,5.03724874907531,6.20248703091229,5.4678342934196,3.78515802489931,2.45580546535623,6.79166508963508,5.40957628709178,3.20421591284779,3.28434872803407,3.83572782579486,3.97420085753402
"96",6.29115172489943,6.64461997946344,4.62106759309465,5.44885430005186,6.42323166761503,2.95843618188527,2.22064237526533,5.95155448648299,7.18610207457619,4.48093096372265,2.61034116433398,3.17301941557738,2.45502794245167,7.34536600532434,4.8123262702466,5.67399391390389,5.13899744754914,3.23782806285708,6.26747625857128,6.69136271414591,6.782444542265,5.59412509029317,5.46910214247836,2.81571293856262,4.46185847314266,4.155380918371,4.98492804450148,5.93799050627372,5.01814258534371,1.61139687119893,5.15941146459244,4.75015992706678,2.66731183628913,6.45316687543679,6.11774148734759,5.53410040061556,6.64554835304728,5.13008270331446,4.54482960292576,3.08385800410937,4.12784296367648,3.45622415620039,6.7267150663205,6.85841667100652,1.6930909314192,4.84962834802014,6.25263832470554,7.38671035985991,6.35164466156239,6.5907484809742,5.39700430252709,1.81591488250435,4.49347730252061,5.03726627362188,6.20250096622173,5.46784862756105,3.7851574865818,2.45574471179662,6.79168872910344,5.40960777107788,3.20421570704094,3.28436788518059,3.83568090056134,3.97420005415728
"97",6.2911789482309,6.64465384740846,4.6210895741746,5.44888967561016,6.42326077948827,2.95841310743148,2.22058934855707,5.95157357585205,7.18612838561033,4.48093536660386,2.61027174361152,3.17293284091231,2.45496062240705,7.34538262734174,4.81235406683886,5.6740120825423,5.13901731120851,3.23782709636477,6.26751419901828,6.6913858344022,6.78246263539791,5.59415226947953,5.46914756027981,2.81571268485585,4.46181462947302,4.15533598863593,4.98509747734249,5.93800455369546,5.01816059800749,1.61134643805978,5.15943410358064,4.75018638234356,2.667269039578,6.45320439813041,6.11776502080277,5.53412828014896,6.64558162306227,5.13012860863249,4.5448553446549,3.08380385034951,4.12787374382446,3.45614487872815,6.72675527485664,6.85844161491349,1.69302791175378,4.84964554383242,6.25265841260314,7.38673707194661,6.35167254734919,6.59076864973045,5.39701821301049,1.81588252580667,4.49349151586506,5.03728256974086,6.20251392778986,5.46786195854158,3.78515697669129,2.45568816924675,6.79171072111782,5.40963705315282,3.20421551000147,3.28438569934238,3.83563724097354,3.97419929481231
"98",6.29120428013311,6.64468536869225,4.6211100188351,5.44892258426182,6.42328788187166,2.95839160094659,2.22054000335997,5.95159133756512,7.18615289400001,4.48093945650816,2.61020713039325,3.17285224695175,2.4548979549164,7.34539808995132,4.81237998461993,5.67402897991779,5.13903578625598,3.23782618393283,6.2675495532505,6.6914073810408,6.7824794671921,5.59417761162832,5.46918984618756,2.81571244326097,4.46177379522922,4.15529414295837,4.98525767507922,5.93801761970448,5.01817735466113,1.61129954491526,5.15945516406772,4.75021104940552,2.66722918043294,6.45323929647647,6.1177869134398,5.53415421959304,6.64561264824644,5.13017131029842,4.54487928701561,3.08375341003214,4.12790236137193,3.4560710929979,6.72679268680517,6.85846482472195,1.69296930369967,4.84966154099206,6.25267709810891,7.38676194013776,6.35169849527108,6.59078741428863,5.39703115253414,1.81585240878529,4.4935047332434,5.03729772463363,6.20252598464599,5.46787435757331,3.78515649402892,2.4556355434936,6.79173118199199,5.4096642891986,3.20421532170875,3.28440226583633,3.83559661741846,3.9741985773755
"99",6.29122785361211,6.64471470784672,4.62112903572771,5.44895320000819,6.42331311501919,2.95837155533271,2.22049408159671,5.95160786515774,7.18617572488417,4.48094325611374,2.6101469891342,3.17277721774627,2.45483961584954,7.3454124751002,4.81240415200441,5.67404469602449,5.13905297094366,3.23782532281773,6.26758249992438,6.69142746246213,6.78249512674106,5.59420124229431,5.4692292182178,2.81571221348009,4.46173576256043,4.1552551683275,4.98540909694401,5.93802977379574,5.0181929440456,1.61125593915705,5.15947475740172,4.75023405048227,2.66719205596604,6.45327175633552,6.11780728099823,5.53417835546933,6.64564158160155,5.1302110345645,4.54490155716247,3.08370642692644,4.12792896971041,3.45600241613518,6.72682749891689,6.85848642248828,1.69291479373393,4.84967642412353,6.2526944803753,7.38678509340615,6.35172264170259,6.59080487365118,5.39704318981478,1.81582437499004,4.49351702538723,5.0373118192155,6.20253720083244,5.46788589072009,3.7851560374014,2.45558656104632,6.79175021968901,5.40968962389249,3.204215142069,3.28441767311245,3.83555881663746,3.97419789978899
"100",6.29124979217573,6.64474201768927,4.62114672571144,5.44898168440359,6.42333660925657,2.95835287084558,2.22045134349553,5.95162324546392,7.18619699454476,4.48094678641342,2.61009100789393,3.17270736644651,2.45478530385085,7.34542585884492,4.81242668847452,5.67405931439634,5.13906895646813,3.23782451038231,6.26761320509378,6.69144617946314,6.78250969673883,5.59422327829933,5.46926587903662,2.81571199517211,4.46170033805685,4.15521886653229,4.9855521832315,5.93804108046007,5.01820744852579,1.61121538664933,5.15949298696358,4.75025549930047,2.66715747738556,6.45330195019453,6.11782623093666,5.53420081456098,6.64566856553503,5.13024799146392,4.54492227314957,3.08366266259002,4.12795371124384,3.45593849208957,6.7268598939014,6.85850652154058,1.6928640911082,4.84969027178357,6.25271065143094,7.38680665153564,6.35174511326209,6.59082111972841,5.39705438861755,1.81579827902222,4.49352845791849,5.03732492857747,6.20254763577387,5.4678966192785,3.78515560562992,2.45554096766596,6.791767934434,5.40971319152841,3.20421497093122,3.28443200325769,3.83552364054059,3.97419726006447
"101",6.29127021052565,6.64476744017416,4.6211631824213,5.44900818746185,6.42335848569684,2.95833545458702,2.22041156627151,5.95163755910713,7.18621681105208,4.48095006684394,2.61003889666418,3.17264233326026,2.45473473872519,7.34543831178414,4.81244770521889,5.67407291257865,5.13908382748644,3.23782374409632,6.26764182312915,6.69146362578547,6.78252325394977,5.59424382835675,5.46930001705571,2.81571178796453,4.46166734174147,4.15518505312824,4.98568735571695,5.93805159955195,5.01822094455867,1.61117767032485,5.15950994874731,4.75027550169197,2.66712526901187,6.45333003814931,6.11784386303575,5.53422171461925,6.64569373261216,5.13028237599619,4.54494154459131,3.08362189512744,4.12797671818339,3.45587898975323,6.72689004144761,6.85852522711592,1.69281692613727,4.84970315690428,6.25272569670321,7.38682672579332,6.35176602752528,6.59083623785693,5.39706480812134,1.81577398574222,4.49353909172676,5.03733712241327,6.20255734461838,5.46790660012988,3.78515519755716,2.455498527,6.79178441928078,5.40973511677644,3.20421480810027,3.28444533246187,3.83549090510915,3.97419665628564
"102",6.29128921519762,6.64479110718018,4.62117849279453,5.44903284849516,6.42337885690333,2.95831922003266,2.22037454290512,5.95165088095416,7.18623527486097,4.48095311540499,2.60999038581565,3.17258178355264,2.4546876599391,7.34544989945865,4.81246730572369,5.67408556256449,5.13909766259364,3.23782302153611,6.26766849756597,6.69147988862242,6.78253586964276,5.59426299364935,5.46933180744863,2.81571159146309,4.46163660613242,4.15515355647645,4.9858150181041,5.93806138662966,5.01823350312609,1.61114258889445,5.15952573189696,4.75029415615661,2.66709526736212,6.45335616881288,6.11786026995637,5.53424116501755,6.64571720625267,5.13031436922364,4.54495947327453,3.08358391803571,4.12799811328413,3.45582360121058,6.72691809916819,6.8585426369496,1.69277304862333,4.84971514720309,6.25273969550137,7.38684541955059,6.35178549368486,6.59085030727922,5.39707450325629,1.81575136953532,4.49354898331793,5.03734846541444,6.20256637855257,5.4679158860655,3.78515481205269,2.45545901931439,6.79179976063573,5.40975551538544,3.20421465334763,3.28445773144881,3.83546043937979,3.97419608660964
"103",6.29130690515403,6.64481314123969,4.62119273755761,5.44905579689062,6.42339782750362,2.95830408659234,2.22034008101042,5.95166328053494,7.18625247936197,4.48095594876878,2.60994522465532,3.17252540607949,2.45464382522905,7.34546068272137,4.81248558631986,5.67409733119877,5.13911053476452,3.23782234038345,6.26769336188859,6.69149504908798,6.78254760999285,5.59428086836434,5.46936141309342,2.81571140525956,4.46160797537094,4.15512421684988,4.98593555649721,5.93807049326977,5.01824519013502,1.61110995566003,5.15954041920383,4.7503115543832,2.66706732029907,6.45338048015526,6.11787553775623,5.53425926735719,6.64573910137627,5.13034413928597,4.54497615372558,3.08354853913056,4.12801801052809,3.45577204011008,6.726944213474,6.85855884182053,1.69273222640432,4.84972630556236,6.25275272146348,7.38686282885732,6.35180361316064,6.59086340158735,5.39708352501573,1.815730313631,4.49355818513644,5.03735901763578,6.20257478509278,5.46792452608716,3.78515444801706,2.45542224031583,6.79181403874233,5.40977449483306,3.20421450642027,3.28446926587533,3.83543208450368,3.97419554926765
"104",6.29132337233227,6.64483365621351,4.62120599167729,5.4490771528291,6.42341549475865,2.95828997920104,2.22030800178626,5.95167482243079,7.18626851139086,4.480958582381,2.60990318008647,3.1724729113448,2.45460300930902,7.34547071807939,4.81250263668991,5.67410828055221,5.13912251176253,3.2378216984239,6.26771654025443,6.69150918265107,6.78255853645268,5.59429754018876,5.46938898544695,2.81571122893818,4.46158130441043,4.15509688560225,4.98604933989226,5.93807896735818,5.01825606678775,1.6110795974218,5.15955408756666,4.75032778173202,2.66704128623945,6.45340310028041,6.11788974636836,5.5342761160285,6.64575952500085,5.13037184233904,4.54499167373564,3.08351557954796,4.12803651575749,3.45572404014987,6.72696852038374,6.85857392605581,1.69269424401578,4.84973669038076,6.25276484296973,7.38687904297272,6.35182048016409,6.59087558913358,5.39709192074452,1.81571070947199,4.49356674586324,5.03736883483356,6.20258260835415,5.46793256568507,3.78515410438485,2.45538800005822,6.79182732812952,5.40979215492723,3.20421436704782,3.28447999670041,3.83540569287509,3.97419504256478
"105",6.29133870215253,6.64485275791582,4.62121832477807,5.44909702795097,6.42343194908992,2.95827682793814,2.22027813904405,5.95168556663373,7.1862834517002,4.48096103055379,2.60986403536408,3.17242403007356,2.45456500267019,7.34548005801053,4.81251854033749,5.67411846826777,5.13913365651825,3.23782109354456,6.26773814816377,6.69152235953757,6.78256870609615,5.59431309076853,5.46941466535616,2.81571106208069,4.46155645826219,4.15507142439504,4.98615672068298,5.93808685335929,5.01826618992434,1.6110513534718,5.15956680841795,4.75034291768182,2.66701703341778,6.45342414814479,6.11790297004401,5.53429179873055,6.64577857679722,5.13039762342398,4.54500611484742,3.08348487281549,4.12805372726189,3.45567935366926,6.72699114627383,6.85858796799782,1.69265890145656,4.84974635589863,6.252776123525,7.38689414485641,6.3518361822207,6.59088693341037,5.39709973440576,1.81569245612915,4.49357471069128,5.03737796877854,6.20258988929952,5.46794004709473,3.78515378012678,2.4553561219269,6.79183969802645,5.409808588363,3.20421423494846,3.28448998052695,3.83538112732402,3.97419456487943
"106",6.29135297398793,6.64487054469295,4.62122980152892,5.44911552597262,6.42344727456826,2.95826456767299,2.22025033830641,5.95169556887899,7.18629737539552,4.48096330655138,2.60982758893879,3.17237851179196,2.45452961046636,7.34548875125621,4.81253337502251,5.67412794788132,5.13914402747984,3.23782052373154,6.26775829307918,6.69153464510274,6.78257817193638,5.59432759613389,5.46943858381079,2.81571090427044,4.46153331129406,4.1550477044787,4.98625803517771,5.93809419256513,5.01827561233955,1.61102507466618,5.1595786481187,4.75035703624407,2.6669944392017,6.45344373422251,6.11791527776309,5.53430639695273,6.64579634960358,5.13042161727166,4.54501955280612,3.08345626398875,4.1280697363225,3.45563775033907,6.72701220857296,6.85860104043674,1.69262601304989,4.84975535249919,6.2527866221128,7.38690821162284,6.35185080065348,6.59089749340218,5.39710700682731,1.81567545975878,4.49358212158032,5.03738646754564,6.20259666596944,5.46794700953461,3.78515347425117,2.45532644169538,6.79185121274649,5.40982388123788,3.20421410983369,3.28449926991819,3.83535826036797,3.97419411466212
"107",6.2913662616,6.64488710795951,4.62124048200141,5.44913274325763,6.42346154936692,2.95825313773511,2.22022445597142,5.95170488095278,7.18631035233921,4.48096542266908,2.6097936533832,3.17233612350735,2.45449665147865,7.34549684309249,4.81254721316459,5.67413676911879,5.1391536789375,3.23781998706718,6.26777707499889,6.69154610017624,6.78258698322013,5.59434112709383,5.46946086264181,2.81571075509566,4.46151174657811,4.15502560602413,4.98635360412345,5.93810102332592,5.01828438307616,1.61100062256966,5.1595896683241,4.75037020634708,2.66697338945524,6.45346196112079,6.11792673361418,5.53431998642103,6.64581292990282,5.13044394904776,4.54503205797739,3.08342960884827,4.12808462771698,3.45559901594371,6.7270318164056,6.85861321101095,1.6925954063917,4.84976372698759,6.25279639352298,7.38692131496185,6.35186441103064,6.59090732391127,5.39711377593001,1.81565963309919,4.49358901749265,5.03739437578223,6.20260297369504,5.46795348942594,3.78515318580473,2.45529880664929,6.79186193204264,5.40983811352918,3.20421399141214,3.28450791369066,3.83533697351852,3.97419369043414
"108",6.29137863354202,6.64490253269517,4.62125042200151,5.44914876934588,6.4234748461817,2.95824248160715,2.22020035853754,5.95171355097724,7.18632244752458,4.48096739030605,2.60976205439439,3.17229664848127,2.45446595715403,7.34550437558098,4.81256012221726,5.67414497817131,5.13916266132398,3.23781948172697,6.26779458698755,6.69155678138199,6.78259518570022,5.59435374960183,5.46948161516966,2.81571061415196,4.46149165528403,4.15500501750094,4.98644373323394,5.93810738126351,5.01829254769652,1.61097786866616,5.15959992632239,4.75038249219213,2.66695377794672,6.45347892414975,6.11793739714672,5.53433263751159,6.64582839826549,5.13046473504278,4.54504369573458,3.08340477315258,4.12809848018745,3.45556295124884,6.72705007118835,6.85862454257801,1.6925669213793,4.84977152284931,6.25280548865504,7.38693352152809,6.35187708358013,6.59091647585934,5.39712007693872,1.81564489500366,4.49359543461124,5.03740173495642,6.20260884529494,5.46795952059608,3.78515291387293,2.45527307477266,6.79187191143668,5.40985135953597,3.2042138793927,3.28451595718542,3.83531715663835,3.97419329078577
"109",6.29139015353285,6.64491689790498,4.62125967337698,5.44916368744391,6.42348723262046,2.95823254663906,2.22017792188457,5.95172162367438,7.18633372142223,4.48096922003244,2.60973262986756,3.17225988508865,2.45443737071226,7.34551138780117,4.81257216501504,5.67415261795022,5.13917102149297,3.23781900597642,6.26781091566786,6.69156674143468,6.78260282188785,5.59436552509529,5.46950094680597,2.8157104810443,4.46147293611494,4.15498583509933,4.98652871371901,5.93811329946893,5.01830014853391,1.61095669363001,5.15960947534881,4.75039395358394,2.66693550579803,6.45349471185011,6.11794732369733,5.53434441563409,6.64584282976101,5.13048408331122,4.54505452681774,3.0833816319436,4.12811136687454,3.45552937094862,6.72706706718251,6.85863509355819,1.69254040931372,4.84977878048949,6.25281395479915,7.38694489330163,6.35188888357362,6.59092499656698,5.39712594257769,1.81563117000705,4.49360140654156,5.0374085835871,6.20261431125742,5.46796513446679,3.78515265758001,2.45524911399226,6.79188120252396,5.40986368828853,3.20421377348694,3.28452344251939,3.83529870734517,3.97419291437438
"110",6.29140088080324,6.64493027704614,4.62126828430222,5.4491775748793,6.42349877156454,2.9582232837821,2.22015703060673,5.9517291406105,7.18634423030114,4.4809709216513,2.60970522903541,3.17222564575752,2.45441074631635,7.34551791606553,4.81258340009553,5.67415972832327,5.13917880297693,3.23781855816782,6.26782614167612,6.69157602941472,6.78260993128627,5.5943765108104,5.46951895561199,2.81571035538848,4.46145549478279,4.15496796219235,4.98660882281257,5.93811880868541,5.01830722492542,1.61093698665285,5.15961836487654,4.75040464623728,2.66691848097251,6.45350940648172,6.11795656469225,5.53435538158719,6.64585629433946,5.1305020942638,4.5450646076664,3.08336006890061,4.12812335571988,3.45549810268693,6.72708289200637,6.85864491825292,1.69251573206987,4.8497855374548,6.25282183589627,7.38695548792205,6.3518998716822,6.59093293001257,5.39713140325143,1.81561838792355,4.49360696449847,5.03741495745699,6.20261939990908,5.46797036022846,3.78515241608859,2.45522680147557,6.79188985325578,5.40987516392765,3.20421367341102,3.28453040881805,3.83528153045884,3.97419255992238
"111",6.29141087041687,6.64494273842354,4.62127629954223,5.44919050352196,6.42350952150388,2.95821464734121,2.22013757739378,5.95173614042262,7.18635402652623,4.4809725042557,2.60967971166869,3.17219375598323,2.45438594830201,7.34552399411881,4.81259388199844,5.67416634633359,5.13918604622611,3.2378181367369,6.26784034008435,6.69158469102337,6.78261655060723,5.59438676007446,5.46953573281714,2.81571023681224,4.46143924352035,4.15495130883585,4.98668432429712,5.93812393747778,5.01831381342764,1.61091864482179,5.15962664088639,4.75041462206158,2.66690261779866,6.45352308447624,6.11796516792761,5.53436559188802,6.64586885718624,5.13051886121628,4.545073990728,3.08333997573945,4.12813450983934,3.45546898614751,6.72709762711009,6.85865406713977,1.6924927613291,4.84979182863885,6.25282917277919,7.38696535899798,6.35191010430598,6.5909403170721,5.39713648721213,1.81560648347337,4.4936121374792,5.03742088980993,6.202624137571,5.46797522500139,3.78515218859913,2.45520602297887,6.79189790820097,5.40988584605612,3.20421357888721,3.28453689243111,3.83526553748862,3.97419222621503
"112",6.29142017356797,6.64495434555661,4.62128376069726,5.44920254017461,6.42351953684805,2.95820659474446,2.22011946245677,5.95174265902839,7.18636315883422,4.48097397628149,2.60965594733361,3.17216405341218,2.45436285046181,7.34552965332264,4.8126036615432,5.67417250640259,5.13919278882993,3.23781774019954,6.26785358079184,6.69159276881943,6.78262271397151,5.59439632257728,5.46955136330042,2.81571012495603,4.46142410062748,4.15493579130337,4.98675546902294,5.93812871238946,5.01831994801638,1.61090157254443,5.15963434611686,4.75042392942524,2.66688783652718,6.4535358168564,6.11797317782933,5.53437509907778,6.64588057905147,5.13053447089803,4.54508272474393,3.0833212516537,4.12814488786934,3.45544187220812,6.72711134821601,6.85866258714596,1.6924713778692,4.84979768647266,6.25283600339591,7.38697455639399,6.3519196338796,6.59094719574154,5.39714122071475,1.81559539593615,4.49361695242354,5.03742641153378,6.20262854870327,5.46797975398524,3.78515197434914,2.45518667224158,6.79190540878835,5.40989579006441,3.20421348964504,3.28454292713234,3.83525064615747,3.97419191209821
"113",6.29142883785724,6.64496515751948,4.62129070642969,5.44921374693483,6.42352886821477,2.95819908632844,2.22010259299508,5.9517487298205,7.18637167258951,4.48097534555596,2.60963381470194,3.17213638699013,2.45434133538024,7.34553492282653,4.81261278608672,5.67417824051806,5.13919906572221,3.23781736714849,6.26786592888814,6.69160030243888,6.7826284530947,5.5944052446233,5.46956592603738,2.81571001947353,4.46140999004902,4.15492133165365,4.98682249542004,5.93813315808788,5.01832566027192,1.61088568101726,5.1596415202959,4.75043261340098,2.66687406291897,6.45354766962458,6.11798063569404,5.53438395200515,6.64589151655615,5.1305490039236,4.54509085501476,3.08330380279499,4.12815454428788,3.45541662215432,6.72712412572703,6.85867052190186,1.69245147090733,4.84980314110119,6.25284236301655,7.38698312649659,6.35192850915539,6.59095360134286,5.39714562816064,1.81558506882923,4.49362143436225,5.03743155132982,6.20263265603892,5.46798397059732,3.7851517726123,2.45516865042369,6.79191239353136,5.40990504743266,3.20421340542213,3.28454854430467,3.83523677996068,3.97419161647611
"114",6.29143690754775,6.64497522925649,4.62129717267427,5.44922418153091,6.42353756269774,2.95819208513852,2.22008688270176,5.95175438384699,7.18637961002149,4.48097661934279,2.60961320091004,3.17211061617041,2.45432129381586,7.34553982972643,4.81262129976299,5.67418357840853,5.13920490937149,3.23781701625003,6.26787744498991,6.69160732879888,6.78263379745947,5.5944135693657,5.46957949451529,2.81570992003191,4.46139684098232,4.15490785732832,4.9868856300018,5.93813729749918,5.0183309795505,1.61087088773389,5.15964820035588,4.75044071599388,2.66686122786202,6.4535587041229,6.11798757991248,5.53439219608917,6.64590172247664,5.13056253522976,4.54509842364615,3.08328754178959,4.12816352971244,3.4553931069486,6.72713602510527,6.85867791197603,1.69243293749179,4.8498082205469,6.25284828442515,7.38699111246081,6.35193677546584,6.59095956671506,5.39714973223062,1.81557544960889,4.49362560655447,5.03743633586979,6.20263648070799,5.46798789660082,3.78515158269739,2.45515186558314,6.7919188982364,5.40991366601048,3.20421332596478,3.2845537731119,3.83522386775638,3.97419133830897
"115",6.29144442380222,6.64498461187495,4.6213031928331,5.44923389763318,6.42354566411517,2.95818555674282,2.22007225130434,5.95175964997838,7.18638701044475,4.48097780438359,2.60959400096344,3.17208661017794,2.45430262412734,7.34554439921162,4.81262924370553,5.67418854770495,5.13921034995732,3.23781668624082,6.26788818555352,6.69161388228707,6.78263877447515,5.59442133702397,5.46959213711865,2.81570982631205,4.46138458751212,4.15489530077775,4.98694508785874,5.93814115193312,5.0183359331434,1.61085711602996,5.15965442063291,4.75044827635317,2.66684926701503,6.45356897736699,6.11799404617676,5.5343998735631,6.64591124600915,5.13057513448088,4.54510546977698,3.08327238728881,4.12817189117633,3.455371206551,6.72714710722342,6.85868479509326,1.69241568193881,4.84981295086151,6.25285379809752,7.38699855443892,6.35194447496714,6.59096512239127,5.39715355400826,1.81556648939289,4.4936294906151,5.03744078994143,6.20264004235238,5.46799155222355,3.78515140394719,2.45513623219035,6.79192495619587,5.40992169027656,3.20421325102846,3.28455864065774,3.83521184338542,3.97419107661076
"116",6.29145142490321,6.64499335291668,4.62130879795648,5.44924294514295,6.42355321324054,2.95817946905907,2.2200586241385,5.95176455506268,7.18639391046349,4.48097890693628,2.60957611718361,3.1720642473251,2.45428523174009,7.34554865470093,4.81263665625425,5.67419317409063,5.13921541553388,3.23781637592469,6.26789820316519,6.69161999493746,6.78264340962575,5.59442858508616,5.46960391748728,2.81570973800842,4.46137316827101,4.15488359911305,4.98700107314162,5.93814474119877,5.01834054642441,1.61084429466189,5.15966021305176,4.75045533096913,2.66683812047596,6.45357854235541,6.11800006767244,5.53440702370067,6.64592013301566,5.13058686644481,4.54511202979089,3.08325826355082,4.12817967238493,3.45535080928767,6.72715742869062,6.85869120633666,1.69239961531078,4.84981735626657,6.25285893236605,7.38700548979265,6.35195164686484,6.59097029676302,5.3971571130942,1.81555814270284,4.49363310663275,5.03744493658343,6.20264335923244,5.46799495626795,3.78515123573736,2.45512167067718,6.79193059836729,5.40992916157918,3.20421318037797,3.28456317213333,3.83520064531863,3.97419083044692
"117",6.29145794645729,6.64500149661007,4.6213140169106,5.44925137046041,6.42356024801677,2.95817379219341,2.2200459317523,5.95176912406906,7.18640034416116,4.48097993281054,2.60955945869391,3.17204341437576,2.45426902865077,7.34555261796901,4.81264357314771,5.6741974814403,5.13922013218162,3.2378160841696,6.26790754681041,6.69162569659381,6.7826477266072,5.59443534849681,5.46961489484899,2.81570965482904,4.46136252612363,4.15487269378241,4.98705377953297,5.93814808371184,5.01834484298649,1.61083235741682,5.15966560729736,4.75046191385606,2.66682773247374,6.45358744835654,6.11800567525691,5.53441368302602,6.64592842625262,5.13059779134149,4.54511813751261,3.08324510005165,4.12818691395359,3.45533181126392,6.72716704215486,6.85869717833525,1.69238465493301,4.84982145928393,6.25286371357261,7.38701195328998,6.35195832762336,6.59097511623256,5.39716042771203,1.81555036722489,4.49363647327921,5.03744879721049,6.20264644832564,5.46799812621315,3.7851510774752,2.45510810701786,6.79193585353934,5.40993611835952,3.20421311378765,3.28456739095396,3.83519021632937,3.97419059893211
"118",6.29146402158462,6.645009084104,4.6213188765331,5.44925921673333,6.42356680375517,2.95816849829032,2.22003410953862,5.95177338022126,7.18640634327661,4.4809808874006,2.60954394094201,3.17202400595409,2.45425393296671,7.34555630926344,4.81265002770183,5.67420149194899,5.13922452414791,3.2378158099046,6.26791626212408,6.69163101506143,6.78265174745456,5.59444165983171,5.46962512432859,2.81570957649525,4.46135260787285,4.15486253027006,4.98710339070625,5.93815119659412,5.01834884476857,1.61082124275138,5.15967063097391,4.75046805672242,2.66681805108153,6.4535957411747,6.1180108976247,5.53441988550852,6.64593616558359,5.13060796516639,4.54512382438998,3.08323283112336,4.12819365362823,3.45531411581859,6.72717599658361,6.85870274143794,1.69237072394576,4.84982528085673,6.25286816621028,7.38701797728784,6.3519645511602,6.59097960535416,5.39716351480653,1.81554312358745,4.49363960791072,5.03745239172934,6.20264932541809,5.46800107830952,3.7851509285984,2.45509547233969,6.79194074848591,5.40994259635855,3.20421305104136,3.28457131888595,3.83518050318952,3.97419038122801
"119",6.29146968109475,6.6450161536849,4.62132340177741,5.44926652408772,6.42357291332013,2.95816356139284,2.22002309739386,5.95177734512124,7.18641193736767,4.48098177571557,2.60952948525608,3.17200592399493,2.45423986847805,7.34555974741333,4.8126560509761,5.67420522625176,5.13922861397756,3.23781555211697,6.26792439162302,6.69163597624818,6.78265549266012,5.59444754946042,5.46963465723502,2.81570950274143,4.46134336398659,4.15485305781618,4.98715008077228,5.93815409576571,5.01835257217318,1.610810893457,5.15967530975258,4.75047378912905,2.66680902795001,6.45360346339683,6.118015761461,5.5344256627436,6.64594338817722,5.13061743999054,4.54512911966296,3.08322139561744,4.12819992649006,3.45529763301695,6.72718433752422,6.85870792387496,1.69235775088914,4.84982884046153,6.25287231305488,7.38702359190167,6.35197034902629,6.5909837869652,5.39716639013472,1.81553637515466,4.49364252666207,5.03745573864636,6.20265200518943,5.46800382766628,3.7851507885739,2.45508370256127,6.79194530810902,5.40994862880915,3.20421299193242,3.28457497616424,3.83517145638724,3.97419017654118
"120",6.29147495364986,6.64502274097838,4.6213276158466,5.44927332984196,6.42357860730065,2.95815895731246,2.22001283940093,5.95178103886393,7.18641715396304,4.48098260240748,2.60951601843238,3.17198907723294,2.45422676426004,7.34556294993009,4.81266167192822,5.67420870353461,5.13923242263384,3.23781530984936,6.26793197492182,6.69164060429563,6.78265898128288,5.59445304569742,5.4696435413281,2.81570943331466,4.46133474834361,4.15484422915646,4.98719401471235,5.93815679603061,5.01835604417545,1.61080125634977,5.15967966750845,4.75047913863632,2.66680061805927,6.45361065462143,6.11802029158404,5.53443104412055,6.64595012869124,5.13062626423895,4.54513405052038,3.08321073659173,4.12820576514558,3.45528227917932,6.72719210734564,6.85871275190768,1.69234566931816,4.84983215621251,6.25287617528691,7.38702882516282,6.35197575057319,6.5909876823078,5.39716906835033,1.81553008783458,4.49364524453368,5.03745885516728,6.20265450129148,5.46800638833285,3.78515065689656,2.45507273805635,6.79194955557139,5.40995424661422,3.2042129362635,3.28457838160149,3.8351630298649,3.97418998412095
"121",6.29147986591626,6.64502887913635,4.62133154031768,5.44927966870553,6.4235839141697,2.95815466350803,2.22000328353489,5.95178448014379,7.18642201870343,4.4809833717972,2.60950347235207,3.17197338072761,2.45421455430337,7.34556593310086,4.81266691755787,5.67421194163748,5.13923596961078,3.23781508219711,6.26793904893355,6.69164492170091,6.78266223105011,5.59445817494272,5.46965182106644,2.81570936797437,4.4613267179971,4.15483600027979,4.98723534879781,5.93815931115599,5.01835927842441,1.61079228198304,5.1596837264477,4.750484130941,2.66679277948801,6.45361735167089,6.1180245110773,5.53443605697837,6.64595641944388,5.13063448294895,4.54513864224546,3.08320080101913,4.12821119990283,3.45526797644292,6.72719934546282,6.85871724996767,1.69233441744591,4.84983524495794,6.25287977260478,7.38703370316466,6.35198078310842,6.59099131114171,5.39717156308212,1.81552422990091,4.49364777547248,5.03746175728982,6.20265682642126,5.46800877337426,3.78515053308804,2.45506252334149,6.79195351241953,5.40995947851203,3.20421288384644,3.28458155268929,3.83515518077568,3.97418980325742
"122",6.29148444270502,6.64503459901079,4.62133519525682,5.44928557296342,6.42358886043225,2.9581506589729,2.21999438138941,5.95178768635361,7.18642655547266,4.48098408789852,2.60949178362504,3.17195875542165,2.45420317717073,7.34556871207526,4.81267181304052,5.6742149571498,5.13923927303745,3.23781486830562,6.26794564805629,6.69164894943003,6.78266525845167,5.59446296181266,5.46965953783784,2.81570930649196,4.46131923295474,4.15482833020284,4.98727423099583,5.93816165394586,5.01836229133679,1.61078392438093,5.15968750722564,4.75048879000363,2.66678547319888,6.45362358878851,6.11802844141213,5.53444072675036,6.64596229057328,5.13064213800999,4.54514291835079,3.08319153951667,4.12821625893503,3.45525465235454,6.72720608854505,6.85872144078574,1.69232393781248,4.8498381223699,6.25288312332976,7.38703825019828,6.35198547203955,6.59099469184905,5.39717388700654,1.8155187718274,4.49365013244682,5.03746445988952,6.20265899238868,5.46801099494102,3.78515041669553,2.45505300678581,6.79195719869789,5.4099643512296,3.20421283450202,3.28458450569206,3.83514786925757,3.97418963327947
"123",6.2914887071026,6.64503992931515,4.62133859932644,5.44929107264743,6.42359347076274,2.9581469241299,2.21998608792274,5.95179067367631,7.18643078651951,4.48098475444029,2.60948089325894,3.17194512773053,2.45419257567743,7.34557130094586,4.81267638185193,5.67421776549917,5.13924234977457,3.23781466736784,6.26795180434648,6.69165270702325,6.78266807882745,5.59446742926167,5.4696667301734,2.81570924865034,4.46131225597408,4.1548211807604,4.98731080136135,5.93816383630933,5.01836509818424,1.61077614079123,5.15969102905626,4.75049313816701,2.66677866283878,6.45362939782131,6.11803210256167,5.53444507709848,6.64596777018591,5.13064926838617,4.54514690070376,3.08318290609335,4.12822096843238,3.45524223949202,6.72721237070932,6.8587253455118,1.69231417697794,4.8498408030274,6.25288624450349,7.38704248887859,6.35198984100802,6.59099784153154,5.39717605191521,1.8155136861339,4.49365232751611,5.03746697679943,6.20266101017937,5.46801306433404,3.78515030729063,2.45504414034123,6.79196063305489,5.40996888962515,3.20421278805972,3.28458725573419,3.83514105822342,3.97418947355289
"124",6.29149268059208,6.64504489677426,4.62134176988447,5.44929619569508,6.42359776813292,2.95814344073357,2.21997836122168,5.95179345717011,7.18643473257102,4.48098537488706,2.60947074635154,3.17193242916074,2.45418269659466,7.34557371282287,4.81268064588403,5.67422038103361,5.13924521550439,3.23781447862183,6.2679575476802,6.69165621269306,6.7826707064486,5.59447159869553,5.46967343394653,2.81570919424354,4.46130575237224,4.15481451641032,4.98734519241507,5.93816586932397,5.01836771317419,1.6107688914563,5.15969430981394,4.75049719626651,2.666772314553,6.45363480838974,6.11803551310656,5.53444913003801,6.64597288449473,5.13065591032286,4.54515060964282,3.08317485791567,4.12822535274303,3.45523067511225,6.72721822369998,6.85872898382611,1.6923050852375,4.84984330049358,6.25288915197843,7.38704644026128,6.35199391201333,6.5910007761008,5.39717806877744,1.81550894724334,4.49365437189524,5.03746932088402,6.20266289001295,5.46801499206483,3.7851502044682,2.45503587929175,6.79196383284131,5.40997311682019,3.20421274435745,3.28458981688088,3.83513471316596,3.97418932347853
"125",6.29149638316576,6.64504952626355,4.62134472307655,5.44930096809727,6.42360177393055,2.95814019177903,2.21997116228229,5.95179605084759,7.18643841293767,4.48098595245812,2.6094612918048,3.17192059595497,2.45417349037354,7.34557595990344,4.81268462555278,5.67422281709802,5.13924788481391,3.23781430134847,6.26796290590307,6.69165948341538,6.78267315459291,5.59447549007687,5.46967968255795,2.81570914307624,4.4612996898488,4.154808304052,4.98737752950752,5.93816776329463,5.01837014952489,1.61076213940047,5.15969736612787,4.7505009837327,2.66676639681244,6.45363984804513,6.11803869033311,5.53445290605341,6.6459776579479,5.13066209753852,4.54515406408561,3.08316735508937,4.12822943450386,3.45521990082407,6.72722367705552,6.85873237404256,1.69229661635714,4.84984562738738,6.25289186050178,7.38705012395168,6.35199770552846,6.59100351036211,5.39717994779832,1.8155045313488,4.49365627601451,5.03747150410783,6.20266464139716,5.46801678791136,3.78515010784525,2.45502818202048,6.79196681420167,5.40997705432225,3.20421270324126,3.28459220221315,3.83512880197662,3.97418918249052
"126",6.2914998334298,6.64505384093841,4.62134747392167,5.44930541403536,6.42360550806977,2.95813716141718,2.21996445480613,5.95179846774922,7.18644184561135,4.48098649014515,2.60945248205915,3.17190956876212,2.45416491088861,7.34557805353608,4.81268833989854,5.67422508610504,5.13925037127228,3.23781413486924,6.2679679049697,6.69166253501434,6.78267543561476,5.59447912202329,5.46968550710768,2.81570909496337,4.46129403832107,4.15480251285757,4.98740793116934,5.93816952780802,5.01837241953517,1.6107558502329,5.15970021346978,4.75050451868696,2.66676088025277,6.45364454241586,6.11804165032442,5.53445642420584,6.64598211334848,5.13066786140277,4.54515728162914,3.08316036045643,4.12823323476189,3.45520986228415,6.72722875826348,6.85873553320464,1.69228872732833,4.84984779545008,6.25289438379348,7.38705355820576,6.35200124060693,6.59100605809226,5.39718169847264,1.81550041628997,4.49365804957518,5.03747353759915,6.20266627317806,5.46801846096986,3.78515001705984,2.45502100979308,6.79196959215905,5.40998072213877,3.20421266456505,3.28459442389755,3.83512329477726,3.97418905005464
"127",6.2915030487013,6.64505786235441,4.6213500363916,5.44930955600843,6.42360898909362,2.95813433487576,2.21995820501092,5.95180072001147,7.18644504735628,4.48098699072855,2.60944427284643,3.1718992923305,2.45415691519947,7.34558000428035,4.8126918066796,5.67422719960092,5.13925268750262,3.23781397854407,6.26797256907345,6.69166538224115,6.78267756101009,5.59448251189878,5.46969093655492,2.81570904972966,4.4612887697708,4.15479711411483,4.98743650944797,5.93817117178338,5.01837453464911,1.61074999196454,5.15970286623531,4.75050781803038,2.66675573752481,6.45364891534311,6.11804440804505,5.53445970223311,6.64598627196609,5.13067323110179,4.54516027864302,3.08315383940614,4.12823677308707,3.45520050891423,6.72723349290437,6.85873847717454,1.69228137814029,4.84984981560706,6.25289673461857,7.38705676002405,6.3520045349824,6.59100843211179,5.3971833296349,1.81549658143825,4.49365970160101,5.03747543170911,6.20266779358664,5.46802001970302,3.78514993177009,2.45501432655643,6.79197218069384,5.40998413888289,3.20421262819026,3.28459649325076,3.83511816376383,3.97418892566665
"128",6.29150604509862,6.64506161057894,4.62135242348473,5.44931341495155,6.42361223426942,2.95813169838574,2.21995238145455,5.95180281893027,7.18644803379369,4.48098745679262,2.60943662296023,3.17188971522259,2.45414946332896,7.34558182196238,4.81269504245919,5.67422916832661,5.13925484524866,3.23781383176935,6.26797692076704,6.6916680388476,6.78267954147679,5.59448567589886,5.46969599786671,2.81570900720918,4.4612838581016,4.15479208108105,4.98746337023077,5.93817270351949,5.01837650551613,1.61074453483842,5.15970533781971,4.75051089752668,2.66675094315531,6.45365298900685,6.11804697741966,5.5344627566425,6.64599015364073,5.13067823379188,4.54516307035589,3.08314775969936,4.12824006767687,3.45519179363835,6.7272379047853,6.85874122071592,1.69227453156864,4.84985169802514,6.25289892485437,7.38705974523888,6.35200760516099,6.59101064435215,5.3971848495058,1.81549300759003,4.49366124048618,5.03747719606657,6.20266921028211,5.46802147198457,3.78514985165314,2.45500809875152,6.79197459281697,5.40998732187159,3.20421259398556,3.28459842079962,3.83511338306105,3.97418880885076
"129",6.29150883762518,6.64506510429501,4.62135464729453,5.4493170103456,6.42361525967737,2.95812923911282,2.21994695487161,5.95180477501979,7.18645081948054,4.48098789073959,2.60942949404243,3.17188078954972,2.45414251805711,7.34558351572637,4.81269806268653,5.67423100227454,5.13925685543669,3.23781369397595,6.26798098107493,6.69167051765428,6.78268138697067,5.59448862912977,5.46970071615618,2.81570896724497,4.46127927900619,4.15478738884702,4.98748861355495,5.93817413073835,5.01837834204682,1.61073945117196,5.15970764068804,4.75051377187935,2.66674647341746,6.45365678404283,6.11804937140594,5.53446560279694,6.64599377687961,5.13068289474213,4.54516567093573,3.08314209130487,4.12824313545347,3.45518367263843,6.72724201606423,6.8587437775708,1.69226815297918,4.84985345216587,6.25290096555293,7.38706252859555,6.35201046650727,6.59101270591798,5.39718626573537,1.81548967686743,4.49366267403963,5.03747883962909,6.20267053039207,5.46802282514083,3.78514977640422,2.4550022951395,6.79197684063782,5.40999028721696,3.20421256182655,3.28460021633686,3.83510892858743,3.97418869915812
"130",6.2915114402474,6.64506836089768,4.62135671907327,5.44932036031926,6.42361808029292,2.95812694509368,2.21994189802133,5.95180659806713,7.18645341798266,4.48098829480263,2.60942285038473,3.17187247072542,2.45413604472945,7.34558509408249,4.81270088177237,5.67423271074132,5.13925872823305,3.23781356462743,6.26798476959778,6.69167283061429,6.78268310675752,5.59449138568233,5.46970511481105,2.81570892968856,4.46127500984298,4.1547830142105,4.98751233390456,5.93817546062577,5.01838005346476,1.61073471521071,5.15970978644044,4.75051645480344,2.66674230621034,6.45366031965125,6.11805160206253,5.53446825499516,6.64599715894731,5.13068723746687,4.54516809356452,3.08313680624727,4.12824599215398,3.45517610512715,6.72724584736528,6.858746160531,1.6922622101456,4.84985508683503,6.25290286699893,7.38706512382771,6.35201313332394,6.59101462714506,5.39718758544302,1.81548657262602,4.49366400952641,5.03748037073023,6.20267176054985,5.46802408598914,3.78514970573567,2.45499688663999,6.79197893542739,5.40999304991085,3.20421253159547,3.28460188897286,3.83510477792984,3.97418859616544
"131",6.29151386596708,6.64507139658374,4.62135864929107,5.44932348174383,6.42362071006344,2.95812480517652,2.21993718554637,5.95180829718315,7.18645584194294,4.48098867105795,2.60941665874413,3.17186471723598,2.45413001107874,7.34558656495126,4.81270351315926,5.6742343023767,5.13926047309751,3.23781344321821,6.26798830460972,6.69167498887236,6.7826847094615,5.59449395870072,5.4697092156132,2.81570889439965,4.46127102952115,4.15477893555848,4.98753462049469,5.93817669986898,5.01838164835464,1.61073030299255,5.15971178587272,4.75051895909259,2.66673842094679,6.45366361369766,6.118053680612,5.53447072654612,6.64600031594976,5.13069128384881,4.54517035050746,3.08313187846523,4.12824865241419,3.45516905313668,6.727249417886,6.85874838150451,1.69225667308032,4.84985661022851,6.25290463876358,7.38706754372744,6.35201561892603,6.59101641765407,5.39718881525478,1.81548367936901,4.49366525370594,5.03748179712347,6.20267290692914,5.46802526087371,3.78514963937614,2.45499184618071,6.79198088767693,5.40999562390359,3.20421250318089,3.28460344718365,3.83510091022686,3.97418849947361
"132",6.29151612688866,6.64507422643505,4.62136044769087,5.44932639032125,6.42362316197936,2.95812280896571,2.21993279384145,5.95180988084965,7.18645810314466,4.48098902143594,2.60941088817136,3.17185749042713,2.4541243870593,7.34558793570491,4.81270596938708,5.67423578522904,5.13926209883294,3.23781332927196,6.2679916031489,6.69167700281998,6.78268620310996,5.59449636044645,5.46971303884983,2.81570886124563,4.46126731839377,4.15477513275759,4.98755555754342,5.93817785469162,5.01838313470704,1.61072619222151,5.15971364903275,4.75052129668129,2.66673479844902,6.45366668280668,6.11805561749937,5.53447302983814,6.6460032629125,5.13069505425333,4.54517245317738,3.08312728367976,4.12825112984637,3.45516248132233,6.72725274549699,6.85875045157721,1.69225151387728,4.84985802997508,6.2529062897546,7.38706980021046,6.35201793570978,6.59101808640064,5.39718996133787,1.81548098266754,4.49366641286755,5.03748312602302,6.20267397527623,5.46802635569875,3.78514957706965,2.45498714855772,6.79198270715244,5.40999802217704,3.20421247647741,3.28460489885558,3.83509730606046,3.97418840870638
"133",6.29151823428181,6.64507686449595,4.62136212333939,5.44932910066595,6.4236254481405,2.95812094677028,2.21992870093131,5.95181135696324,7.18646021257045,4.48098934773156,2.60940550985135,3.1718507543056,2.45411914469283,7.34558921320568,4.81270826215408,5.6742371667875,5.13926361363132,3.23781322233995,6.26799468110176,6.69167888214673,6.78268759517525,5.5944986023581,5.46971660341688,2.81570883010125,4.46126385815824,4.15477158705218,4.9875752245316,5.93817893088625,5.01838451995993,1.61072236215071,5.15971538527272,4.75052347870302,2.66673142085152,6.45366954244909,6.11805742244653,5.53447517640325,6.64600601385364,5.13069856763471,4.54517441219452,3.08312299927145,4.12825343711153,3.45515635677991,6.72725584683448,6.85875238107015,1.69224670656599,4.849859353176,6.25290782826269,7.38707190437675,6.35202009521665,6.59101964172173,5.39719102943275,1.81547846908643,4.49366749286358,5.03748436414173,6.2026749709399,5.46802737595938,3.78514951857486,2.45498277030543,6.79198440294531,5.41000025681251,3.2042124513854,3.28460625132677,3.83509394735527,3.97418832350919
"134",6.29152019863949,6.64507932384536,4.62136368467455,5.44933162638084,6.42362757981762,2.95811920955585,2.21992488635718,5.95181273287612,7.18646218045716,4.48098965161401,2.60940049695492,3.17184447535456,2.45411425792505,7.34559040384152,4.8127104023737,5.67423845402134,5.1392650251166,3.23781312199958,6.26799755328148,6.69168063588803,6.78268889261345,5.5945006951069,5.46971992691516,2.81570880084827,4.46126063176379,4.15476828096939,4.98759369645106,5.93817993384451,5.01838581103729,1.61071879347354,5.15971700329779,4.75052551554434,2.66672827151068,6.45367220702269,6.1180591045028,5.53447717697689,6.64600858185177,5.13070184163489,4.54517623744209,3.08311900416637,4.12825558598646,3.45515064887595,6.72725873738638,6.85875417959284,1.69224222697585,4.8498605864419,6.2529092620047,7.38707386656688,6.35202210819284,6.59102109137882,5.39719202488304,1.81547612611525,4.49366849914004,5.03748551772626,6.20267589889918,5.46802832677022,3.7851494636642,2.45497868957578,6.79198598351941,5.41000233905382,3.2042124278107,3.28460751142555,3.83509081728494,3.97418824354796
"135",6.29152202973201,6.6450816166637,4.62136513954947,5.44933398012802,6.42362956750971,2.95811758889997,2.2199213310713,5.95181401543397,7.18646401634694,4.48098993463561,2.60939582450084,3.17183862236201,2.4541097024924,7.34559151355914,4.8127124002276,5.67423965341632,5.13926634038445,3.2378130278529,6.26800023350105,6.69168227246964,6.7826901019004,5.59450264864852,5.46972302573989,2.81570877337504,4.46125762332524,4.15476519823088,4.9876110440413,5.93818086858517,5.01838701438501,1.61071546822267,5.15971851121128,4.7505274168953,2.66672533492066,6.45367468992746,6.11806067209186,5.53447904155344,6.64601097910934,5.13070489267515,4.54517793811791,3.08311527872976,4.1282575874261,3.45514532908981,6.7272614315723,6.8587558560928,1.69223805261023,4.84986173592703,6.25291059816372,7.38707569641445,6.35202398464462,6.59102244259804,5.39719295266318,1.81547394210416,4.49366943676507,5.0374865925898,6.20267676378922,5.46802921289208,3.78514941212324,2.45497488602586,6.79198745675478,5.4100042793659,3.20421240566436,3.2846086855063,3.83508790018512,3.97418816850795
"136",6.29152373665725,6.64508375429519,4.62136649527342,5.44933617369443,6.42363142099732,2.95811607695042,2.21991801733879,5.95181521101117,7.18646572913475,4.48099019824008,2.60939146922754,3.1718331662611,2.45410545579804,7.34559254789487,4.81271426521497,5.67424077100857,5.13926756603923,3.23781293952527,6.26800273464133,6.6916837997491,6.78269122906519,5.59450447227134,5.46972591516386,2.81570874757623,4.46125481804283,4.15476232367062,4.98762733401538,5.93818173978017,5.01838813600421,1.61071236967616,5.15971991655668,4.7505291917965,2.66672259663513,6.45367700363537,6.11806213305544,5.53448077943783,6.64601321701164,5.1307077360414,4.54517952278235,3.08311180466709,4.1282594516214,3.45514037086685,6.72726394281792,6.85875741890156,1.69223416252937,4.84986280736106,6.2529118434264,7.38707740289489,6.35202573388973,6.59102370210741,5.3971938174042,1.81547190620425,4.49367031045547,5.03748759414244,6.20267756992524,5.46803003875664,3.78514936374988,2.45497134071338,6.79198882998832,5.41000608748932,3.20421238486239,3.28460977948261,3.83508518147253,3.97418809809276
"137",6.29152532788735,6.64508574730572,4.62136775864982,5.44933821805284,6.42363314939214,2.9581146663864,2.21991492864645,5.95181632554356,7.18646732711261,4.48099044377029,2.60938740947382,3.17182807998161,2.45410149679644,7.34559351200317,4.81271600619862,5.67424181241606,5.13926870822832,3.23781285666404,6.26800506871435,6.69168522505428,6.78269227972129,5.59450617464145,5.4697286094149,2.81570872335247,4.46125220212758,4.15475964315838,4.98764262927506,5.93818255177888,5.01838918148224,1.61070948227031,5.15972122635667,4.75053084868279,2.66672004319439,6.45367915975527,6.11806349469387,5.53448239929356,6.64601530618186,5.13071038596334,4.54518099940291,3.08310856493207,4.12826118805307,3.45513574948185,6.72726628362404,6.85875887577747,1.69223053724158,4.84986380607868,6.25291300401753,7.38707899437075,6.35202736460521,6.59102487617156,5.39719462341768,1.81547000831206,4.49367112460129,5.03748852741941,6.20267832132485,5.46803080848949,3.78514931835376,2.45496803599953,6.79199011005156,5.41000777249079,3.20421236532551,3.28461079885818,3.83508264756974,3.97418803202324
"138",6.29152681131213,6.64508760553675,4.62136893601157,5.44934012341867,6.42363476118306,2.95811335038239,2.21991204961788,5.95181736455887,7.18646881801078,4.4809906724753,2.60938362506792,3.17182333831179,2.45409780588617,7.34559441068331,4.81271763144778,5.67424278286785,5.13926977267406,3.23781277893733,6.26800724692237,6.69168655521938,6.78269325909544,5.59450776384458,5.46973112174793,2.81570870061004,4.46124976273181,4.1547571435286,4.98765698911573,5.9381833086305,5.01839015602146,1.6107067915186,5.1597224471494,4.75053239542413,2.66671766205758,6.45368116909317,6.11806476380383,5.53448390918728,6.64601725653235,5.13071285568817,4.54518237539567,3.08310554364089,4.12826280554153,3.4551314419121,6.72726846563096,6.8587602339455,1.69222715860217,4.84986473704708,6.25291408573231,7.38708047863396,6.35202888487185,6.59102597062389,5.39719537471798,1.81546823901793,4.49367188328868,5.03748939710725,6.20267902172878,5.46803152593141,3.78514927575556,2.45496495545855,6.7919913033058,5.41000934281033,3.20421234697887,3.28461174875551,3.83508028583525,3.97418797003663
"139",6.2915281942795,6.64508933815539,4.62137003325388,5.44934189930265,6.42363626427914,2.95811212257448,2.21990936593466,5.95181833320506,7.18647020903609,4.4809908855171,2.60938009722429,3.17181891776989,2.45409436481,7.34559524840402,4.81271914867811,5.67424368723125,5.13927076470337,3.23781270603285,6.26800927971281,6.69168779661835,6.78269417205459,5.59450924742518,5.46973346451195,2.81570867926059,4.46124748788449,4.15475481251403,4.98767046942152,5.9381840141051,5.01839106446605,1.61070428393645,5.15972358502223,4.75053383936365,2.66671544153953,6.45368304170829,6.11806594671338,5.53448531663026,6.64601907731244,5.13071515754898,4.54518365766376,3.08310272599246,4.12826431229332,3.45512742671921,6.72727049967813,6.85876150013423,1.6922240097195,4.8498656048915,6.25291509396619,7.38708186294509,6.35203030221554,6.59102699089655,5.39719607504294,1.81546658955808,4.4936725903211,5.03749020756828,6.20267967462014,5.4680321946583,3.78514923578643,2.45496208379372,6.79199241567476,5.41001080630486,3.20421232975189,3.28461263394252,3.83507808449842,3.97418791188553
"140",6.29152948363294,6.64509095370095,4.62137105586481,5.4493435545599,6.4236376660495,2.95811097702896,2.21990686426296,5.95181923627659,7.18647150690768,4.48099108397663,2.60937680844764,3.17181479648453,2.45409115656207,7.34559602932648,4.81272056508897,5.67424453003709,5.13927168927536,3.23781263765681,6.26801117682943,6.69168895519614,6.78269502313085,5.59451063242283,5.46973564921244,2.81570865922082,4.46124536643102,4.1547526386841,4.98768312285078,5.93818467171294,5.01839191132688,1.61070194697125,5.15972464564307,4.75053518735305,2.66671337075201,6.45368478696514,6.11806704931457,5.53448662861696,6.646020777153,5.13071730302843,4.54518485263316,3.08310009819415,4.12826571594418,3.45512368393931,6.7272723958598,6.85876268061026,1.69222107486766,4.84986641391903,6.25291603374278,7.38708315406981,6.35203162364566,6.5910279420483,5.39719672787308,1.81546505176984,4.49367324923913,5.03749096286313,6.20268028324231,5.46803281799956,3.78514919828739,2.4549594067591,6.79199345267496,5.41001217028894,3.20421231357799,3.28461345885735,3.83507603259901,3.97418785733716
"141",6.29153068574646,6.64509246012836,4.62137200895364,5.44934509743548,6.4236389733605,2.95810990821313,2.21990453218529,5.95182007823897,7.18647271789018,4.4809912688596,2.60937374244365,3.17181095408352,2.45408816530151,7.3455967573257,4.81272188739812,5.67424531550316,5.13927255100694,3.23781257353284,6.26801294736008,6.69169003649769,6.78269581654477,5.59451192540623,5.46973768656939,2.81570864041225,4.4612433879772,4.1547506113875,4.98769499901254,5.93818528472261,5.01839270080466,1.61069976893734,5.15972563428956,4.75053644578572,2.66671143954907,6.45368641358191,6.11806807709373,5.53448785166091,6.64602236410798,5.13071930281787,4.54518596628597,3.08309764739265,4.12826702359914,3.45512019498088,6.72727416357662,6.85876378121018,1.69221833940526,4.84986716814066,6.25291690973964,7.387084358313,6.35203285569087,6.59102882879037,5.3971973364495,1.81546361805021,4.49367386333874,5.03749166677189,6.20268085061561,5.46803339905529,3.78514916310878,2.45495691108687,6.79199441944396,5.41001344157247,3.20421229839439,3.28461422763137,3.83507411993093,3.97418780617244
"142",6.29153180655708,6.64509386484841,4.62137289727723,5.4493465356068,6.42364019261024,2.95810891096805,2.21990235813708,5.95182086325146,7.18647384782471,4.48099144110172,2.6093708840359,3.17180737159034,2.45408537627203,7.34559743601035,4.81272312187409,5.67424604755605,5.13927335419664,3.23781251340103,6.26801459978106,6.69169104569506,6.78269655622692,5.59451313250482,5.46973958657134,2.81570862276092,4.46124154283711,4.1547487206987,4.98770614463414,5.93818585617778,5.01839343681143,1.6106977389556,5.15972655587615,4.7505376206275,2.66670963847608,6.4536879296755,6.11806903515967,5.53448899182802,6.64602384569318,5.13072116687234,4.54518700419132,3.08309536160962,4.12826824186969,3.45511694252971,6.72727581158376,6.85876480737037,1.6922157897,4.8498678712918,6.25291772631236,7.38708548155027,6.35203400443237,6.59102965551057,5.39719790379049,1.81546228131714,4.49367443568837,5.03749232281361,6.20268137955278,5.46803394071221,3.78514913010977,2.45495458441964,6.79199532076661,5.41001462649588,3.20421228414191,3.28461494411057,3.83507233698997,3.97418775818527
"143",6.29153285159501,6.6450951747653,4.62137372526455,5.44934787622303,6.42364132976082,2.95810798048314,2.2199003313476,5.95182159518828,7.18647490215769,4.48099160157364,2.60936821908862,3.17180403132785,2.45408277572717,7.34559806874125,4.81272427436639,5.67424672985145,5.13927410284677,3.23781245701696,6.26801614199857,6.69169198761263,6.78269724583803,5.59451425943831,5.46974135852559,2.81570860619718,4.46123982198449,4.15474695736819,4.98771660372042,5.93818638891287,5.01839412299062,1.61069584689726,5.15972741497931,4.75053871744542,2.66670795872234,6.45368934280334,6.11806992826984,5.53449005476762,6.64602522892236,5.13072290446173,4.54518797153414,3.08309322968173,4.12826937690838,3.45511391046046,6.72727734803552,6.85876576415464,1.69221341305853,4.84986852685146,6.2529184875169,7.3870865292575,6.35203507553478,6.59103042629569,5.39719843270698,1.81546103497361,4.4936749691448,5.0374929342645,6.20268187267336,5.4680344456585,3.78514909915782,2.45495241524749,6.79199616109945,5.41001573096271,3.20421227076478,3.28461561187547,3.83507067492513,3.97418771318177
"144",6.29153382601178,6.64509639631153,4.62137449703946,5.4493491259417,6.42364239036819,2.95810711227256,2.2198984417851,5.9518222776583,7.18647588596769,4.48099175108553,2.60936573443479,3.17180091682869,2.45408035086065,7.34559865864852,4.81272535033367,5.67424736579297,5.13927480068399,3.23781240415082,6.26801758138724,6.6916928667506,6.78269788878762,5.59451531154421,5.46974301110504,2.81570859065543,4.46123821700759,4.15474531277617,4.98772641770487,5.93818688556751,5.01839476273562,1.6106940833317,5.15972821586098,4.75053974143452,2.66670639207697,6.45369066000227,6.11807076085474,5.53449104574128,6.64602652034092,5.13072452421834,4.54518887314186,3.08309124120492,4.12827043444097,3.4551110837545,6.72727878052697,6.85876665627996,1.69221119766117,4.8498691380599,6.2529191971304,7.38708750653817,6.35203607427492,6.59103114495229,5.39719892581691,1.81545987287416,4.49367546636785,5.03749350417487,6.20268233241708,5.46803491639754,3.78514907012823,2.45495039284949,6.79199694459346,5.41001676047,3.20421225821044,3.28461623425956,3.83506912549337,3.97418767097961
"145",6.29153473460633,6.64509753548039,4.62137521644192,5.44935029096286,6.42364337961007,2.95810630215321,2.21989668010569,5.95182291402336,7.18647680399042,4.48099189039132,2.60936341780931,3.17179801275194,2.45407808974165,7.34559920864757,4.81272635486988,5.67424795854967,5.13927545117848,3.23781235458658,6.26801892482611,6.69169368730689,6.78269848825144,5.59451629380349,5.46974455239169,2.81570857607389,4.46123672006704,4.15474377888941,4.98773562559302,5.93818734860009,5.01839535920708,1.6106924394779,5.15972896249034,4.75054069744277,2.66670493088782,6.45369188782476,6.11807153704055,5.53449196964966,6.6460277260573,5.13072603418105,4.54518971350928,3.08308938648239,4.12827141979626,3.45510844842334,6.72728011613259,6.85876748814046,1.69220913250132,4.84986970793525,6.25291985867048,7.38708841814892,6.3520370055686,6.59103181502609,5.3971993855586,1.81545878929376,4.49367592983408,5.03749403538477,6.20268276105632,5.46803535526076,3.78514904290371,2.45494850723916,6.79199767511517,5.41001772013651,3.20421224642939,3.28461681436655,3.83506768101758,3.97418763140731
"146",6.29153558184939,6.64509859785614,4.62137588704771,5.44935137706071,6.42364430231188,2.95810554622414,2.21989503760588,5.95182350741532,7.18647766064204,4.48099202019264,2.60936125778671,3.17179530480546,2.45407598125454,7.34559972145396,4.81272729272882,5.67424851107239,5.1392760575617,3.23781230812116,6.26802017873207,6.6916944531976,6.78269904718757,5.59451721086444,5.46974598991722,2.81570856239442,4.46123532385668,4.15474234822109,4.98774426409848,5.93818778030027,5.01839591534904,1.61069090715931,5.15972965856412,4.7505415899944,2.66670356802321,6.45369303237244,6.1180722606702,5.53449283105745,6.6460288517723,5.13072744183648,4.54519049682166,3.08308765647628,4.12827233793387,3.45510599143748,6.7272813614422,6.85876826382966,1.69220720732901,4.8498702392888,6.25292047541325,7.38708926852326,6.35203787399548,6.59103243982003,5.39719981420316,1.81545777889885,4.49367636184957,5.0374945305387,6.20268316070767,5.46803576441954,3.78514901737395,2.45494674911381,6.7919983562663,5.41001861472899,3.20421223537501,3.28461735508631,3.83506633434735,3.97418759430365
"147",6.29153637190605,6.64509958864218,4.62137651218671,5.4493523896131,6.42364516297085,2.95810484084747,2.2198935061783,5.95182406075191,7.18647846004085,4.4809921411425,2.60935924372333,3.17179277967379,2.45407401504281,7.34560019959718,4.81272816834692,5.67424902610889,5.13927662284302,3.23781226456374,6.26802134909115,6.69169516807595,6.78269956835154,5.59451806706508,5.46974733070067,2.81570854956228,4.46123402156709,4.1547410137934,4.98775236777188,5.93818818280071,5.01839643390385,1.61068947876188,5.15973030752543,4.75054242331159,2.66670229683632,6.45369409932749,6.118072935323,5.53449363421658,6.64602990280634,5.13072875415724,4.54519122697625,3.0830860427626,4.12827319347,3.45510370066021,6.72728252259447,6.85876898716119,1.69220541259852,4.84987073473933,6.25292105040999,7.38709006179368,6.35203868382227,6.59103302241097,5.39720021386608,1.81545683672036,4.49367676456168,5.03749499209912,6.2026835333427,5.4680361458963,3.7851489934352,2.4549451098074,6.79199899140206,5.41001944868653,3.20421222500341,3.28461785910971,3.83506507882265,3.97418755951706
